$ALQ100

   1    2  NaN 
2368 1083  290 

$ALQ110

   1    2  NaN 
 556  505 2680 

$ALQ130

   1    2    3    4    5    6    7    8    9   10   11   12   14 
 837  663  324  185   76  134   20   34    1   33    2   35    1 
  15   16   18   20   24   32   99  NaN 
   3    2    4    4    2    1    5 1375 

$BMXBMI

16.03 16.04 16.07 16.16 16.19 16.37 16.43 16.47 16.58 16.62 16.88 
    1     1     1     1     1     1     1     1     1     1     1 
16.91 16.94 17.03 17.06  17.1 17.12 17.16  17.2 17.26 17.31 17.36 
    1     1     1     1     1     1     1     1     1     1     1 
17.43 17.44 17.47 17.48 17.49 17.52 17.61 17.62 17.66 17.69 17.71 
    1     1     1     1     1     1     1     1     1     1     1 
17.75 17.76 17.79  17.8 17.81 17.97    18 18.02 18.05 18.08 18.09 
    2     1     1     1     1     1     1     1     1     1     1 
18.13 18.14 18.15 18.18 18.26 18.27 18.28 18.32 18.35 18.36 18.37 
    1     1     1     2     1     1     2     1     2     2     2 
18.42 18.47 18.49  18.5 18.52 18.55 18.59 18.61 18.62 18.63 18.69 
    3     2     2     1     3     1     1     2     1     1     1 
18.71 18.73 18.76 18.77 18.78 18.79  18.8 18.81 18.84 18.85 18.87 
    1     2     2     1     1     1     1     1     2     1     1 
18.89  18.9 18.91 18.93 18.95 18.96 18.97 18.98 19.01 19.02 19.03 
    1     1     1     1     1     1     1     2     2     2     2 
19.04 19.05 19.11 19.12 19.13 19.14 19.15 19.16 19.22 19.24 19.26 
    1     1     1     2     2     1     2     1     1     1     2 
19.29 19.32 19.34 19.36 19.38 19.39 19.45 19.46 19.47  19.5 19.51 
    1     1     3     2     1     1     3     1     1     2     1 
19.53 19.56 19.58 19.59  19.6 19.61 19.62 19.63 19.64 19.65 19.66 
    2     1     2     2     3     1     1     1     1     2     2 
19.68 19.69  19.7 19.71 19.72 19.73 19.74 19.76  19.8 19.81 19.82 
    2     2     1     1     1     1     1     1     2     1     1 
19.84 19.85 19.87  19.9 19.92 19.93 19.94 19.95 19.96 19.97 19.98 
    1     3     1     1     2     1     3     2     2     2     2 
19.99    20 20.01 20.02 20.03 20.04 20.05 20.06 20.07 20.08 20.11 
    2     3     2     2     4     1     2     2     3     1     2 
20.12 20.13 20.15 20.17 20.19 20.22 20.23 20.24 20.25 20.28 20.29 
    2     1     1     2     2     1     2     1     1     2     4 
 20.3 20.31 20.32 20.33 20.34 20.35 20.37 20.38 20.39  20.4 20.41 
    2     1     4     1     1     1     3     1     2     2     2 
20.42 20.43 20.44 20.45 20.46 20.47 20.48 20.49  20.5 20.53 20.54 
    1     1     1     2     1     1     2     1     1     2     1 
20.56 20.58 20.62 20.63 20.64 20.65 20.66 20.67 20.68 20.69  20.7 
    1     6     1     2     1     2     3     2     2     3     3 
20.71 20.72 20.73 20.74 20.75 20.76 20.77 20.78 20.81 20.82 20.83 
    4     1     3     1     2     3     1     2     2     3     1 
20.84 20.85 20.87 20.88 20.89  20.9 20.91 20.92 20.93 20.94 20.95 
    2     1     1     2     1     2     1     2     1     3     1 
   21 21.01 21.02 21.03 21.05 21.07 21.08 21.09 21.11 21.12 21.13 
    2     2     2     2     5     2     1     2     3     3     3 
21.14 21.15 21.16 21.17 21.18 21.19  21.2 21.21 21.22 21.23 21.24 
    3     1     1     1     3     3     4     1     1     1     1 
21.25 21.26 21.27 21.28 21.29  21.3 21.31 21.33 21.34 21.35 21.36 
    1     3     2     2     1     3     4     1     1     1     2 
21.39  21.4 21.41 21.42 21.43 21.44 21.45 21.46 21.47 21.48 21.49 
    3     3     1     2     2     1     2     1     3     1     1 
 21.5 21.51 21.52 21.54 21.55 21.56 21.57 21.58 21.59  21.6 21.61 
    2     2     2     1     1     3     2     1     1     3     2 
21.62 21.63 21.64 21.65 21.66 21.67  21.7 21.72 21.73 21.74 21.76 
    1     2     1     1     1     4     2     1     7     2     3 
21.77 21.78 21.79  21.8 21.81 21.82 21.83 21.84 21.85 21.86 21.87 
    1     3     4     3     3     1     3     1     2     5     2 
21.88 21.89  21.9 21.91 21.92 21.93 21.94 21.95 21.96 21.97 21.98 
    1     1     2     2     4     1     1     1     2     4     1 
21.99    22 22.01 22.03 22.04 22.05 22.06 22.07 22.08 22.09  22.1 
    2     2     2     2     3     1     3     2     1     4     5 
22.11 22.12 22.13 22.14 22.15 22.17  22.2 22.21 22.24 22.25 22.26 
    1     2     4     3     2     3     3     6     2     2     2 
22.27 22.29  22.3 22.31 22.32 22.34 22.35 22.36 22.38 22.39  22.4 
    3     1     2     1     4     1     1     3     1     3     2 
22.41 22.42 22.43 22.44 22.45 22.46 22.47  22.5 22.51 22.52 22.54 
    2     1     4     2     2     3     2     2     3     3     1 
22.55 22.56 22.57 22.58 22.59  22.6 22.61 22.62 22.63 22.64 22.66 
    2     2     5     4     5     2     4     2     3     6     3 
22.67 22.68 22.69  22.7 22.71 22.72 22.73 22.75 22.76 22.77 22.78 
    2     3     3     3     1     2     1     1     2     2     3 
22.79 22.81 22.82 22.84 22.85 22.86 22.87 22.88 22.89 22.91 22.92 
    7     2     3     2     6     3     1     2     1     1     3 
22.93 22.94 22.95 22.96 22.97 22.99    23 23.01 23.02 23.03 23.04 
    5     1     1     1     3     2     3     1     4     3     2 
23.05 23.06 23.07 23.08 23.09  23.1 23.11 23.12 23.13 23.14 23.15 
    5     2     2     2     2     5     6     6     2     1     3 
23.16 23.17 23.18  23.2 23.21 23.22 23.23 23.24 23.25 23.26 23.27 
    3     4     1     2     5     1     5     5     2     3     2 
23.28 23.29  23.3 23.31 23.32 23.33 23.34 23.35 23.36 23.37 23.38 
    2     5     3     1     4     1     1     1     3     1     1 
23.39  23.4 23.41 23.42 23.44 23.45 23.46 23.47 23.48 23.49  23.5 
    1     1     3     2     5     5     1     5     3     4     3 
23.51 23.52 23.53 23.54 23.55 23.56 23.57 23.58  23.6 23.61 23.62 
    4     1     1     1     1     5     1     2     3     2     2 
23.63 23.64 23.65 23.66 23.67 23.68  23.7 23.71 23.72 23.73 23.74 
    2     1     2     2     3     5     2     4     3     2     3 
23.75 23.76 23.77 23.78 23.79  23.8 23.81 23.82 23.83 23.84 23.85 
    1     3     3     4     3     1     2     3     2     4     2 
23.86 23.88 23.89  23.9 23.91 23.92 23.93 23.94 23.95 23.96 23.97 
    3     3     2    10     1     3     2     5     1     1     3 
23.99    24 24.01 24.03 24.04 24.05 24.06 24.07 24.08 24.09  24.1 
    3     2     5     3     3     4     2     2     8     6     4 
24.11 24.12 24.13 24.14 24.15 24.16 24.17 24.19  24.2 24.21 24.22 
    3     3     2     1     4     3     2     2     2     7     3 
24.23 24.24 24.25 24.26 24.28 24.29  24.3 24.31 24.32 24.33 24.34 
    1     3     3     4     2     4     3     1     2     3     2 
24.35 24.36 24.37 24.38 24.39  24.4 24.41 24.42 24.43 24.44 24.45 
    1     3     4     5     3     3     3     2     4     1     4 
24.46 24.48 24.49  24.5 24.51 24.52 24.55 24.56 24.57 24.58 24.59 
    2     4     3     3     3     3     4     2     3     4     2 
 24.6 24.61 24.62 24.63 24.64 24.65 24.66 24.67 24.68 24.69  24.7 
    4     2     2     4     4     6     2     2     2     3     3 
24.71 24.72 24.73 24.74 24.75 24.76 24.77 24.78 24.79  24.8 24.81 
    5     4     6     7     1     3     2     1     3     4     5 
24.82 24.83 24.84 24.85 24.86 24.87 24.88 24.89  24.9 24.91 24.93 
    2     1     6     3     2     3     1     1     4     4     2 
24.94 24.95 24.96 24.97 24.98 24.99    25 25.01 25.02 25.03 25.05 
    3     5     3     5     4     2     2     4     2     4     2 
25.06 25.07 25.08 25.09  25.1 25.11 25.12 25.13 25.15 25.16 25.17 
    3     1     6     3     2     6     2     6     2     2     1 
25.19  25.2 25.21 25.22 25.23 25.25 25.26 25.27 25.28 25.29  25.3 
    1     4     1     5     3     1     2     3     3     2     2 
25.31 25.32 25.33 25.34 25.35 25.36 25.37 25.38 25.39 25.41 25.42 
    2     1     2     2     2     3     2     4     3     1     2 
25.43 25.45 25.46 25.47 25.48 25.49  25.5 25.51 25.52 25.53 25.54 
    4     3     1     1     3     3     4     2     4     6     4 
25.55 25.56 25.57 25.59  25.6 25.61 25.62 25.63 25.64 25.65 25.66 
    4     2     3     1     2     2     5     1     7     3     3 
25.68 25.69  25.7 25.71 25.72 25.73 25.74 25.75 25.76 25.77 25.78 
    1     2     2     1     2     1     2     6     3     1     2 
25.79  25.8 25.81 25.82 25.83 25.84 25.85 25.86 25.87 25.88 25.89 
    2     3     3     3     1     2     2     2     5     1     2 
 25.9 25.91 25.92 25.93 25.94 25.95 25.96 25.97 25.98 25.99    26 
    2     5     3     5     4     6     2     3     3     2     2 
26.01 26.02 26.03 26.04 26.05 26.06 26.07 26.08 26.09  26.1 26.11 
    4     4     4     2     4     4     2     2     5     4     3 
26.12 26.13 26.14 26.15 26.16 26.17 26.18 26.19  26.2 26.21 26.22 
    2     1     5     2     3     2     5     5     7     7     2 
26.23 26.24 26.25 26.26 26.28 26.29  26.3 26.31 26.32 26.33 26.34 
    3     2     4     1     3     2     5     5     2     4     5 
26.37 26.38 26.39  26.4 26.42 26.43 26.44 26.45 26.46 26.47 26.48 
    6     6     4     4     2     1     2     5     3     3     3 
26.49 26.51 26.52 26.53 26.54 26.55 26.56 26.57 26.58 26.59  26.6 
    1     5     4     3     5     4     4     1     2     4     7 
26.61 26.62 26.63 26.64 26.65 26.66 26.67 26.68 26.71 26.72 26.73 
    3     3     2     3     4     1     1     4     2     2     6 
26.74 26.75 26.76 26.77 26.78 26.79  26.8 26.81 26.82 26.83 26.85 
    3     4     3     1     2     8     1     2     3     4     2 
26.86 26.87 26.88 26.89  26.9 26.91 26.92 26.93 26.94 26.95 26.96 
    4     2     2     3     8     4     2     2     3     3     5 
26.97 26.98 26.99 27.01 27.02 27.03 27.04 27.05 27.06 27.07 27.08 
    5     2     3     6     1     2     3     1     2     2     4 
27.09  27.1 27.11 27.12 27.13 27.14 27.15 27.17 27.18 27.19  27.2 
    7     3     7     3     1     4     3     1     2     2     3 
27.21 27.22 27.24 27.25 27.26 27.27 27.28 27.29  27.3 27.32 27.33 
    2     2     3     2     3     2     4     3     1     3     6 
27.34 27.35 27.36 27.37 27.38 27.39  27.4 27.41 27.42 27.44 27.46 
    3     1     3     2     2     4     8     7     6     1     8 
27.47 27.48 27.49  27.5 27.51 27.52 27.53 27.54 27.55 27.56 27.57 
    3     2     2     1     3     3     2     2     3     2     2 
27.58 27.59  27.6 27.61 27.62 27.63 27.64 27.65 27.66 27.67 27.68 
    1     4     1     5     1     2     4     2     2     1     1 
27.69  27.7 27.71 27.72 27.73 27.74 27.77 27.78 27.79  27.8 27.81 
    4     5     2     3     2     5     3     3     2     4     1 
27.82 27.83 27.84 27.85 27.86 27.87 27.88 27.89  27.9 27.91 27.92 
    1     1     2     3     5     1     3     1     2     3     1 
27.93 27.94 27.95 27.96 27.98 27.99    28 28.01 28.02 28.03 28.04 
    7     4     4     3     3     4     6     2     2     3     4 
28.05 28.06 28.07 28.08 28.09  28.1 28.11 28.12 28.14 28.15 28.16 
    2     1     1     4     2     3     3     3     3     3     1 
28.17 28.18 28.19  28.2 28.21 28.22 28.23 28.24 28.25 28.28 28.29 
    2     2     1     1     3     5     1     1     3     2     3 
 28.3 28.31 28.33 28.34 28.35 28.36 28.37 28.38 28.39  28.4 28.41 
    1     4     3     2     2     1     5     2     3     4     5 
28.42 28.43 28.44 28.45 28.46 28.47 28.48 28.49  28.5 28.51 28.52 
    3     5     4     2     6     1     3     1     3     2     1 
28.53 28.54 28.55 28.57 28.58 28.59  28.6 28.61 28.62 28.63 28.64 
    5     4     3     2     1     2     2     2     2     1     4 
28.65 28.66 28.67 28.68 28.69  28.7 28.71 28.72 28.73 28.74 28.75 
    2     1     1     2     4     6     5     1     1     3     3 
28.76 28.77 28.78 28.79  28.8 28.82 28.83 28.84 28.86 28.87 28.88 
    3     6     1     1     4     3     4     2     4     4     4 
28.89  28.9 28.91 28.92 28.94 28.95 28.96 28.97 28.98 28.99    29 
    1     4     2     2     4     1     2     2     3     5     2 
29.01 29.02 29.03 29.04 29.05 29.06 29.07 29.08 29.09  29.1 29.11 
    1     1     2     4     1     4     6     1     1     4     6 
29.12 29.14 29.15 29.19  29.2 29.21 29.22 29.24 29.25 29.26 29.27 
    2     1     2     2     4     5     2     2     2     3     3 
29.28 29.29  29.3 29.31 29.32 29.33 29.34 29.35 29.36 29.37 29.38 
    4     2     2     2     2     3     1     1     7     3     3 
29.39  29.4 29.41 29.43 29.44 29.45 29.46 29.47 29.48 29.49 29.51 
    1     4     3     2     4     2     1     1     3     1     3 
29.52 29.53 29.54 29.55 29.56 29.57 29.59  29.6 29.61 29.62 
    3     2     4     4     1     2     1     2     1     2 
 [ reached getOption("max.print") -- omitted 736 entries ]

$BMXWT

    37   37.4     38     39   40.7   41.2   41.3   41.4   41.5 
     1      1      1      1      1      3      1      1      3 
    42   42.4   42.6   42.7     43   43.6   43.7   43.8   43.9 
     1      1      1      2      1      1      4      1      1 
  44.2   44.3   44.6   44.7   44.8   45.1   45.2   45.3   45.6 
     2      1      1      2      1      1      1      2      3 
  45.7   45.8   45.9   46.1   46.2   46.3   46.5   46.6   46.8 
     4      2      1      1      2      3      1      2      3 
  46.9   47.1   47.3   47.4   47.5   47.6   47.7   47.8   47.9 
     1      3      1      2      1      3      3      3      1 
    48   48.1   48.3   48.4   48.5   48.7   48.8   48.9   49.1 
     2      2      1      1      1      1      1      3      4 
  49.3   49.5   49.6   49.7   49.8   49.9     50   50.2   50.3 
     4      3      3      3      3      1      4      3      1 
  50.4   50.5   50.6   50.7   50.8   50.9     51   51.1   51.2 
     4      1      3      4      4      4      4      5      1 
  51.3   51.4   51.5   51.6   51.7   51.8   51.9     52   52.1 
     1      2      4      1      4      6      5      4      3 
  52.2   52.3   52.4   52.5   52.6   52.7  52.74   52.8   52.9 
     2      5      2      5      2      1      1      5      4 
    53   53.1   53.2   53.3  53.34   53.4   53.5   53.6   53.7 
     6      3      4      3      1      4      7      4      2 
  53.8   53.9     54   54.1   54.2   54.3   54.4   54.5   54.6 
     2      2      6      1      3      3      6      5      6 
  54.7   54.8   54.9     55   55.1   55.2   55.3  55.34   55.4 
     6      5      5      3      4      5      8      1      5 
  55.5   55.6   55.7   55.8   55.9     56   56.1   56.2   56.3 
     6      6      6      7      4      7      5      6      6 
  56.4   56.5  56.54   56.6   56.7   56.8   56.9     57   57.1 
     6      6      1      5      6      5     11      1      6 
  57.2   57.3   57.4   57.5  57.54   57.6   57.7   57.8   57.9 
     5      3      7      6      1      7      7      3      6 
    58   58.1   58.2   58.3   58.4   58.5   58.6   58.7  58.74 
     5      4      7      8      5      3      3      5      1 
  58.8   58.9     59   59.1   59.2   59.3   59.4   59.5   59.6 
     5      4      4      6      5      9      5      4      6 
  59.7  59.74   59.8   59.9     60   60.1  60.14   60.2   60.3 
     5      1      5      9      7     13      1      7      8 
  60.4   60.5   60.6   60.7   60.8   60.9     61   61.1   61.2 
     7      3      5      6      8      9      5      4      4 
  61.3   61.4   61.5   61.6   61.7   61.8   61.9  61.94     62 
     5      4      7      6      5     12      7      1      4 
  62.1   62.2   62.3   62.4   62.5   62.6   62.7  62.74   62.8 
     5      4      8     10     10      6      4      1     15 
  62.9     63   63.1   63.2   63.3   63.4  63.44   63.5   63.6 
     8      6     10      6      6     12      1      5      3 
  63.7   63.8   63.9     64   64.1   64.2   64.3   64.4   64.5 
     3      5      8      9      6     10      8      5     13 
  64.6   64.7   64.8   64.9     65   65.1   65.2   65.3  65.34 
     5     12      4     11     10      9     11      5      1 
  65.4   65.5  65.54   65.6   65.7   65.8   65.9     66   66.1 
    12      7      1      7      8      6      7      8      5 
  66.2   66.3   66.4   66.5   66.6   66.7   66.8   66.9     67 
    12     13      5     11     11     16     12      6      4 
  67.1   67.2   67.3   67.4   67.5   67.6   67.7   67.8   67.9 
     4     11      7      8      6      9     11      9     10 
    68   68.1  68.14   68.2   68.3   68.4  68.44   68.5   68.6 
    12      8      1     10     10     12      1      8      7 
  68.7   68.8  68.84   68.9     69  69.04   69.1   69.2   69.3 
     8     13      1      8      7      1      8      6     11 
 69.34   69.4   69.5   69.6  69.64   69.7   69.8   69.9  69.94 
     1      9      7     10      1      7      8      9      1 
    70   70.1   70.2   70.3   70.4   70.5   70.6   70.7   70.8 
     9      7     10     10      7      6     11      5      8 
  70.9     71   71.1   71.2   71.3   71.4   71.5   71.6   71.7 
    12      5     11      7      6     15      4     10      8 
  71.8  71.84   71.9  71.94     72   72.1  72.14   72.2   72.3 
     7      1      9      1      6      7      1     13     10 
  72.4   72.5   72.6   72.7   72.8   72.9  72.94     73   73.1 
    10     10     13      9      7     14      1      6      7 
  73.2   73.3   73.4   73.5   73.6   73.7   73.8   73.9     74 
     7      9      8      5      9      7      9      7      8 
  74.1   74.2   74.3  74.34   74.4   74.5   74.6  74.64   74.7 
     7      9     10      1      8      5      4      1     10 
 74.74   74.8   74.9     75   75.1   75.2   75.3   75.4   75.5 
     1      6     10     16      5      9      8      7     11 
  75.6   75.7   75.8   75.9  75.94     76   76.1   76.2   76.3 
    10      3      8      8      1     11      6      5      7 
 76.34   76.4   76.5  76.54   76.6   76.7   76.8   76.9     77 
     1      7      5      1      5      7      6      6      7 
  77.1   77.2   77.3   77.4   77.5   77.6   77.7   77.8   77.9 
    12     12      5      4      8     11     11      6      3 
    78   78.1   78.2   78.3   78.4   78.5   78.6   78.7   78.8 
     8      6     12      7      9      8     11      4      8 
  78.9     79  79.04   79.1  79.14   79.2  79.24   79.3   79.4 
     9      6      1      4      1      8      1      3      5 
  79.5   79.6   79.7   79.8   79.9     80   80.1   80.2   80.3 
     3      3      3      8      8     15      2     11     10 
  80.4   80.5   80.6   80.7   80.8   80.9     81   81.1   81.2 
     5      8      8     10     11      9      8      8      9 
  81.3  81.34   81.4   81.5   81.6  81.64   81.7   81.8   81.9 
     6      1      7      5      7      1      3     10     12 
    82   82.1   82.2  82.24   82.3   82.4   82.5   82.6   82.7 
    11     12     11      1      3      8      6      9     14 
  82.8   82.9     83   83.1   83.2   83.3   83.4   83.5   83.6 
     7      9      3      4      4      7      8      1     11 
 83.64   83.7   83.8   83.9     84   84.1   84.2   84.3   84.4 
     1      5      5      8      8      4      5      9      2 
  84.5   84.6   84.7   84.8   84.9     85   85.1  85.14   85.2 
     2      9      4      5      7      7     11      1      6 
  85.3   85.4   85.5   85.6   85.7   85.8   85.9     86   86.1 
     4      8      9      1      6      8      2      8      8 
  86.2   86.3   86.4   86.5   86.6   86.7   86.8   86.9     87 
     9     10      3      7      7      3     12      3      7 
  87.1   87.2  87.24   87.3   87.4   87.5  87.54   87.6   87.7 
     3      9      1      6      6      8      1      3      4 
  87.8   87.9     88   88.1   88.2   88.3   88.4   88.5   88.6 
     7      5      6      7      4      2      1      5      7 
  88.7   88.8   88.9     89   89.1   89.2   89.3   89.4   89.5 
     4      4      4     11     11      8      2      9      2 
  89.6   89.7   89.8   89.9     90   90.1   90.2   90.3   90.4 
     3      8      4      4      8      6      3      2      5 
  90.5   90.6   90.7   90.8   90.9     91   91.1   91.2   91.3 
     4      6      5      4      5      2      3      6      2 
  91.4   91.6   91.7   91.9     92   92.1   92.2  92.24   92.3 
    10      3      5      7      7      4      2      1      7 
  92.4   92.5   92.6   92.7   92.8   92.9     93   93.1   93.2 
     3      6      5      3      3     11      1      4      2 
  93.3   93.4   93.5   93.6  93.64   93.7   93.8   93.9     94 
     3      4      4      6      1      6      2      2      4 
  94.1   94.2   94.3   94.4   94.5   94.6   94.7   94.8   94.9 
     4      9      7      5      7      8      5      6      8 
    95   95.1   95.2  95.24   95.3   95.4   95.5   95.6   95.7 
     1      1      1      1      4      5      1      1      1 
  95.8   95.9     96   96.1   96.2   96.3   96.4   96.5   96.6 
     2      5      5      1      4      4      5      1      2 
  96.7   96.8  96.84   96.9     97   97.1   97.2   97.3   97.4 
     3      1      1      2      4      7      5      1      2 
  97.5   97.6   97.7   97.8   97.9     98   98.1  98.14   98.2 
     4      1      1      5      5      2      2      1      3 
  98.3   98.4   98.5   98.6   98.7   98.8   98.9     99   99.1 
     4      3      1      6      4      3      2      5      3 
  99.2   99.3   99.4   99.5   99.6   99.7   99.8   99.9    100 
     2      1      2      1      3      6      3      2      5 
 100.1  100.2  100.4  100.5  100.6  100.7  100.8  100.9    101 
     4      6      5      2      3      3      2      2      2 
 101.1  101.2  101.3  101.4  101.6  101.7  101.8  101.9    102 
     2      2      1      3      2      4      3      3      3 
 102.1  102.2  102.4  102.5  102.6  102.7 102.74  102.8  102.9 
     3      6      2      2      4      1      1      3      1 
 103.1  103.2  103.3  103.4  103.5  103.6  103.7  103.8  103.9 
     5      2      1      2      2      3      2      2      1 
   104  104.1  104.2  104.4  104.5  104.6  104.7  104.8  104.9 
     2      5      3      2      3      2      2      6      3 
104.94    105  105.1  105.2  105.5  105.6  105.8  105.9    106 
     1      3      2      2      4      4      5      2      2 
 106.1  106.3  106.4  106.5  106.6  106.8  106.9    107  107.1 
     3      1      4      1      3      4      1      2      4 
 107.2  107.3  107.5  107.7  107.8  107.9    108  108.1  108.3 
     2      2      2      1      2      1      2      2      2 
 108.4  108.5  108.6  108.7  108.8  108.9    109  109.1  109.2 
     2      2      5      1      3      2      1      1      1 
 109.3  109.4  109.5  109.6  109.7  109.8  109.9    110  110.1 
     1      1      1      2      2      1      2      2      2 
 110.2  110.4  110.6  110.7  110.8  110.9  111.1  111.2  111.4 
     3      1      2      3      1      1      2      2      4 
 111.5  111.6  111.7  111.8  111.9    112  112.1  112.4  112.5 
     1      2      2      3      2      1      2      3      3 
 112.6  112.7  112.8    113  113.1  113.2  113.3  113.4  113.6 
     1      1      1      1      1      2      1      1      1 
 113.7  113.9    114  114.1  114.2  114.4  114.5  114.6  114.7 
     2      1      3      1      2      1      1      2      1 
 114.8  114.9  115.1  115.3  115.4  115.5  115.7  115.9    116 
     1      1      2      1      1      2      1      1      3 
 116.1 116.14  116.2  116.3  116.7    117  117.2  117.3  117.6 
     1      1      1      3      3      2      2      1      1 
 117.7  117.8  118.1  118.2  118.3  118.5  118.6  118.9  119.3 
     1      4      1      1      1      1      4      1      2 
 119.4  119.8    120  120.2  120.3  120.6  120.7  120.9  121.1 
     1      1      1      1      2      1      1      1      1 
 121.2  121.4  121.5  121.7  121.8  122.1  122.2  122.3  122.4 
     1      2      1      3      1      1      2      1      1 
 122.6  122.8  123.1  123.2  123.3  123.4  123.9    124  124.3 
     1      2      3      1      2      1      1      2      1 
 124.4  124.7  124.8    125  125.1  125.2  125.3  125.4 125.54 
     1      1      1      1      1      2      1      1      1 
 125.8  126.1  126.6  126.7  126.8  126.9  127.1  127.4  127.5 
     1      2      1      1      2      1      1      2      1 
 128.2  128.5  128.7  128.9  129.5  129.7  129.8    130  130.2 
     2      2      1      1      1      1      1      1      2 
 130.5  130.9  131.4  131.8  132.2  132.3  132.6    133  133.1 
     1      1      1      1      1      1      1      1      1 
 133.7  133.8  134.7  135.2  136.2  136.7  136.9  137.2  138.1 
     1      1      1      1      1      1      2      1      1 
 138.8  138.9    139  139.7  140.3  140.5  141.2  142.4  142.6 
     1      1      1      1      1      1      1      1      1 
 144.5  146.3  146.6  147.2  150.1  150.4    153    154  154.9 
     1      1      1      1      2      1      1      1      1 
 155.2  159.5    160  161.5    162  162.8  164.5  165.5  169.4 
     1      1      1      1      1      1      1      1      1 
 170.6  171.3  171.4  171.6  173.7  174.1  182.8  188.3  193.3 
     1      1      1      1      1      1      1      1      1 
   NaN 
    69 

$DMDEDUC

   1    2    3  NaN 
1130  858 1747    6 

$INDFMPIR

   0 0.01 0.02 0.04 0.05 0.06 0.07 0.08  0.1 0.11 0.12 0.13 0.14 
  36    2    3    2    2    6    4    4    1    9    2    1    3 
0.15 0.16 0.17 0.18 0.19 0.21 0.22 0.23 0.24 0.25 0.26 0.27 0.28 
   3    1    5    4    2    3    3    3    2    3    1    3    5 
0.29  0.3 0.31 0.32 0.33 0.34 0.35 0.36 0.37 0.38 0.39  0.4 0.41 
   2    2    3    2    4    3    4    2    4    8    8    6    3 
0.42 0.43 0.44 0.45 0.46 0.47 0.48 0.49  0.5 0.51 0.52 0.53 0.54 
   4    7    4    5    4    6    9    1    3    2    2    4    4 
0.55 0.56 0.57 0.58 0.59  0.6 0.61 0.62 0.63 0.64 0.65 0.66 0.67 
   4    3    4    9    3    8    4    5    2   16    7    5   13 
0.68 0.69  0.7 0.71 0.72 0.73 0.74 0.75 0.76 0.77 0.78 0.79  0.8 
  15    2    9    5   13    8    6   10    4    1   13    9   13 
0.81 0.82 0.83 0.84 0.85 0.86 0.87 0.88 0.89  0.9 0.91 0.92 0.93 
   6   10   12   10    8    7    9    7   17    6    5   11   16 
0.94 0.95 0.96 0.97 0.98 0.99    1 1.01 1.02 1.03 1.04 1.05 1.06 
  13    8   18    8    6    7    5    8   11   12   10    4    7 
1.07 1.08 1.09  1.1 1.11 1.12 1.13 1.14 1.16 1.17 1.18 1.19  1.2 
  24   17   15    7   11   16   23    3   17   16   10    7   23 
1.21 1.22 1.23 1.24 1.25 1.26 1.27 1.28 1.29  1.3 1.31 1.32 1.33 
  13    6    7   20    7   11    4    8   16    4    6   11   16 
1.34 1.35 1.36 1.37 1.38 1.39  1.4 1.41 1.42 1.43 1.44 1.45 1.46 
  16    8   15    5    6    5   13    8    8    2   23    6   13 
1.47 1.48 1.49  1.5 1.51 1.52 1.53 1.54 1.55 1.56 1.57 1.58 1.59 
   5    5    8    9    8    8    6    1   12    8    2    5    8 
 1.6 1.61 1.62 1.63 1.64 1.65 1.66 1.67 1.68 1.69  1.7 1.71 1.72 
  21   13    7   10    6   10    5    8   16    5   11    4   24 
1.73 1.74 1.75 1.76 1.77 1.78 1.79  1.8 1.81 1.82 1.83 1.84 1.85 
   5    1    8    6    9   10    2   15    8   11    8   11    6 
1.86 1.88 1.89  1.9 1.91 1.92 1.93 1.94 1.95 1.96 1.97 1.98 1.99 
   6    5    6    9    8   11    8    9    2    5    3   11    2 
   2 2.01 2.02 2.03 2.04 2.05 2.06 2.07 2.08 2.09  2.1 2.11 2.12 
   6    6    1   11    3    6   10    6    2    5    6    4   11 
2.13 2.14 2.15 2.16 2.17 2.18 2.19  2.2 2.21 2.22 2.23 2.24 2.25 
   9    1   17    7    6   13    2    3    6    7   11    6    3 
2.26 2.27 2.28 2.29 2.31 2.32 2.33 2.34 2.35 2.36 2.37 2.38 2.39 
  13    8    4    4    3    3    4    4    7    3    1    5    5 
 2.4 2.41 2.42 2.43 2.44 2.45 2.46 2.47 2.48 2.49  2.5 2.51 2.52 
  17    4    5    9    5    3    4    1    9    7    3    9    1 
2.53 2.54 2.55 2.56 2.58 2.59  2.6 2.62 2.63 2.64 2.65 2.66 2.67 
   4    1    3   13   13    2    2    4    2    4    2    6   10 
2.68 2.69  2.7 2.71 2.72 2.73 2.75 2.76 2.77 2.78 2.79  2.8 2.81 
   4    6    3    7   11    6    3    7    2    8    8    9    1 
2.82 2.83 2.84 2.85 2.86 2.87 2.88 2.89  2.9 2.91 2.92 2.93 2.94 
   8   14    5    2    1    5    6    8    4    3    3   15    3 
2.95 2.96 2.97 2.98 2.99    3 3.01 3.02 3.03 3.04 3.05 3.06 3.07 
   3    1    1    2   12    3   11    4    3    4    1    2    3 
3.08 3.09  3.1 3.11 3.12 3.13 3.14 3.15 3.16 3.17 3.18 3.19  3.2 
   6    2    1   10    7    1    8    1    9    3   10    4   11 
3.21 3.22 3.23 3.24 3.25 3.26 3.27 3.28 3.29  3.3 3.31 3.32 3.33 
   2    6    5    2    5    4    3    5    2    7    8    3    8 
3.34 3.35 3.36 3.38 3.39  3.4 3.41 3.42 3.43 3.44 3.45 3.46 3.47 
   4   12    2    6   12    5    1    7    1    4   12    1    3 
3.48 3.49  3.5 3.51 3.52 3.53 3.54 3.56 3.59  3.6 3.61 3.62 3.63 
   2    7    2    3    5    4    6    5   15   13    5    7    5 
3.64 3.65 3.66  3.7 3.71 3.73 3.74 3.75 3.76 3.77 3.79  3.8 3.81 
   3    1    4    1   11    5    2    1    4    3    2    3    1 
3.82 3.83 3.84 3.87 3.88 3.89  3.9 3.91 3.92 3.93 3.94 3.95 3.96 
   2    2    5    3    7    1    2    1    3    6    3    6    6 
3.97 3.98 3.99    4 4.01 4.02 4.04 4.05 4.06 4.07 4.08 4.09  4.1 
   5    5    4   18    3    3    1    2    1   12    7    4    5 
4.11 4.12 4.13 4.15 4.16 4.18 4.19 4.21 4.22 4.23 4.24 4.25 4.26 
   1    7    8    1    2    1   14    1    1    2   10    9    2 
4.27 4.28 4.29  4.3 4.31 4.32 4.33 4.34 4.35 4.36 4.37 4.39  4.4 
   1    1    3    6   11    4    3    4    3    1    1    3    6 
4.42 4.44 4.45 4.46 4.47 4.48 4.49 4.51 4.52 4.53 4.54 4.55 4.56 
   3   11    5    1    2    3    3    4    5    8    1    4    3 
4.57 4.59 4.61 4.62 4.63 4.64 4.65 4.66 4.67 4.68 4.69  4.7 4.72 
   1    4    4    6    1    8    2    9    1    3    1    1    1 
4.74 4.78 4.79  4.8 4.82 4.83 4.84 4.85 4.89  4.9 4.91 4.92 4.94 
   2    5    6    4    1    1    2    3    3    2    2    2    1 
4.95 4.96 4.97 4.98 4.99    5  NaN 
  10    3    9    3    6  625  326 

$RIAGENDR

   1    2 
1757 1984 

$RIDAGEYR

 20  21  22  23  24  25  26  27  28  29  30  31  32  33  34  35 
 81  90  84  77  80  84  86  62  60  86  65  68  82  56  82  78 
 36  37  38  39  40  41  42  43  44  45  46  47  48  49  50  51 
 63  80  62  71  62  63  76  72  77  67  52  50  48  56  54  61 
 52  53  54  55  56  57  58  59  60  61  62  63  64  65  66  67 
 64  56  58  42  41  39  33  30  56  67  54  48  51  46  53  45 
 68  69  70  71  72  73  74  75  76  77  78  79  80  81  82  83 
 41  36  58  39  27  48  34  40  34  30  33  22  40  47  34  23 
 84  85 
 34 103 

$RIDRETH1

   1    2    3    4    5 
 793  175 1973  650  150 

$rx_antidiab

   2 
3741 

$rx_antihypertensive

   1    2 
 733 3008 

$rx_cns

   1    2 
 171 3570 

$rx_corticosteroids

   1    2 
  69 3672 

$rx_hormones

   1    2 
 356 3385 

$rx_immuno

   1    2 
  13 3728 

$rx_thyroid

   1    2 
 199 3542 

$smoke

   1    2    3  NaN 
1907  986  845    3 

$WHD050

   55    75    82    83    85    86    89    90    93    95    97 
    1     1     1     1     2     1     1     2     1     4     3 
   98    99   100   101   102   103   104   105   106   107   108 
    7     5    19     3     4     2     7    13     8     6     6 
  109   110   111   112   113   114   115   116   117   118   119 
    1    45     2    13     6     5    44     7    19    24    10 
  120   121   122   123   124   125   126   127   128   129   130 
  102     5    13    14    11    83     7    11    16     6   139 
  131   132   133   134   135   136   137   138   139   140   141 
    2    27     9     7   103    13    11    22     6   133     4 
  142   143   144   145   146   147   148   149   150   151   152 
   17    11     7   118     7    14    30     8   169     2    12 
  153   154   155   156   157   158   159   160   161   162   163 
   13     8   104    12    16    32     5   181     6    21    12 
  164   165   166   167   168   169   170   171   172   173   174 
   14   131     7     7    28     9   114     6    28    10    14 
  175   176   177   178   179   180   181   182   183   184   185 
  118    18     3    25     4   129     2     8    10     9    94 
  186   187   188   189   190   191   192   193   194   195   196 
   11     8    10     6   113     2    12     7     5    58     9 
  197   198   199   200   201   202   203   204   205   206   207 
    8    15     6   106     6     6     4     6    29     3     3 
  208   209   210   211   212   213   214   215   216   217   218 
    8     3    65     3    12     3     6    38     2     2     4 
  219   220   222   223   224   225   226   227   228   230   232 
    2    87     3     4     1    43     3     2     3    51     4 
  234   235   236   237   238   239   240   242   243   244   245 
    2    27     4     1     2     1    34     3     1     1    12 
  247   248   249   250   252   255   256   257   258   260   261 
    2     1     2    35     4    11     1     1     1    16     1 
  262   265   267   268   270   275   279   280   282   285   286 
    2    14     2     2    12     9     2    10     1     5     1 
  287   290   292   294   295   297   298   299   300   305   310 
    2     7     1     1     2     1     1     1     3     1     4 
  315   317   320   323   325   330   335   342   345   347   348 
    3     1     2     1     1     5     1     1     1     1     1 
  350   360   370   385   396   400   420  7777  9999 99999   NaN 
    6     1     1     2     1     2     1     4    27    33     5 

