-0.336714959893361,-0.166246183851762,1.12061564920625,-0.773313468784611,1.90029081798459,-0.39457456548411,-0.101909487684632,"d"
-0.215840183865469,0.120218533961889,0.399897655469385,3.4805397483604,-0.806877674559845,-2.15355857963227,-3.19702748976588,"a"
0.621132286645758,-0.661734311942036,-0.984527658031518,-0.617421973582451,-1.39633664530305,-0.871255740384966,-1.08386302738086,"c"
-1.28402651676709,-0.530622573877112,-0.502562183849013,0.520782442512724,-0.974842142596197,-0.0613062586413578,-1.71870786322859,"b"
-1.30009244118702,-0.301418704831757,0.987148440008305,0.592540253031,0.435010990112208,-1.80455687550719,-3.65620270138351,"a"
-0.376769461656321,-0.602301606953084,2.19148101019732,-0.900346848762864,-0.750476580612569,1.12201031150401,2.33667802248909,"g"
0.103748646404691,-0.318208083636628,-0.165042212091268,1.47428132098897,0.180286558055391,-1.06545073579912,-1.29953275982577,"c"
-0.703562272582238,0.308196044193014,-0.686040799948788,1.08513260267832,0.605732143346565,-0.846775617906595,-1.75722684972551,"b"
1.49741394047522,0.798650087169236,0.941399409760876,-1.70668743853886,-0.770102061758204,-0.800295931076829,-1.18598306771366,"c"
-0.302826877559252,1.75057446697114,-0.164042843048792,-1.16869629978042,2.64719148667375,0.0317568946977511,1.52389744689383,"g"
-1.37683133463726,0.265330264012933,-1.30233941024703,-1.41945333394256,0.711717689882686,-1.28234303336546,-2.32178279932483,"a"
0.883170174632431,0.317154640615628,-0.723484003554158,0.645970949354578,-0.160725644805555,-2.32753861148165,-3.66166100371012,"a"
0.671420279304275,-0.14873637719794,1.39008874006642,-0.4271327890169,1.61826196068094,0.0925900884389648,3.26944207643999,"h"
1.23002237503278,0.322218954806084,0.681840625912693,1.18982814681632,0.456536637170614,0.889564651756613,0.911360128760563,"f"
1.64546787858301,-0.324209132933409,0.468260280141261,-0.139859142368586,1.70934811567871,0.06104340615686,2.78584236123525,"h"
-0.182926038663912,-0.783359274795593,0.420921089481435,0.189395976466439,-2.39021458081231,-0.363379469237552,-1.38684271461191,"c"
-1.37925781493758,-0.0180871198392941,-0.800331264714172,0.0575844051639781,-0.900515684648567,1.09508635474981,0.536819739797781,"f"
1.2506006007554,-0.169198739054674,-0.488457510152898,-0.587246126691026,-0.545749890303982,2.30713241631801,2.7417234955927,"h"
-1.87623677486404,-0.164743004468645,0.53900451581565,-0.241414579726116,0.456843249003383,-0.88109884695693,-2.88211147952873,"a"
-0.368787568278473,0.713622416268021,1.43517101650668,0.763800390653247,0.713172721223792,-0.0898416112253401,-0.140358590141327,"d"
-2.12929730823288,0.237209035995178,-0.261838719336989,-0.678096733176958,-0.570275383911991,-0.147248930175012,-2.32166910413729,"a"
0.337646026995419,-2.32268641943546,-1.4186237206568,0.836994139435736,0.653609001217525,0.37659629894794,1.74383286384001,"g"
-1.57457484751255,0.0790442749946939,-0.513792720100452,0.0419394664405875,-0.511799357354263,0.516994711766301,-0.521565453122356,"d"
-0.196319414848903,-0.428806351200973,0.772301224621484,0.979309598592861,-0.132541182055807,2.50302165804712,4.13191252593838,"h"
0.915060107809175,-0.37271438605587,1.40368233878269,1.49609565434021,0.229463115042591,-0.964041941242758,-1.5517700850945,"b"
1.07863653772935,-0.0449186145991969,-0.0158049117770975,1.38116715653523,-0.427002513002144,1.92823762058835,2.85287391742981,"h"
1.4528028539521,1.40134302672647,-1.02328955591072,0.177186850836524,-1.14875313104056,-0.122085360111592,-0.222179227206251,"d"
-1.6532810892254,-0.300872111690668,-2.11639215985077,-0.604558885733158,-0.626067514471549,-1.22760185278549,-2.97451363613972,"a"
-2.76186751764091,-0.96575440571852,0.150371436919808,-0.00641255360735914,0.80048646593347,0.548294560705204,-0.350147904285418,"d"
0.264369163537262,1.68321848183588,-0.520871198318108,-1.03091760446821,-0.973665323963252,-0.75375069248628,-1.43264755750282,"b"
1.02457159426044,-0.776550575008959,-0.90545484351449,-0.596619301250622,-0.71016004680915,1.33527827225122,3.64123302641464,"h"
-0.659185547986991,0.247301367078232,-0.749986903333806,1.23000533437333,0.0180906749183706,1.1924470254746,2.14861259466194,"g"
-0.386304378522672,-0.967146955664561,-0.786576021013658,-2.12526394071909,-1.44506438221203,-1.03460443820175,-3.0230411818373,"a"
-0.242498949352553,-1.03785441550173,-0.559681870331892,0.546541284782229,0.938729725365153,1.52570673657559,4.94192209204113,"h"
0.220593240071621,-1.05359998228081,-1.39085130543394,1.01145534068751,0.0307888520268871,1.85002565742751,3.13067512781477,"h"
-1.48109003020768,-0.205507435512066,-0.282630601836921,1.36717460238718,0.86838196833149,0.254994207411458,0.0832980674610592,"e"
0.724691204470142,1.30826655470917,-0.480284997407217,0.70783797009896,-0.586856446745428,-0.371956201460862,-0.734629762302007,"d"
-2.37751470126173,0.513721895989774,-0.967621014082365,-0.12251585403344,-0.222342179489318,-0.804911296203698,-2.62618085652908,"a"
-0.0654092094259788,-1.38535522996526,1.777940980318,-0.799409134659656,-0.139205596032948,0.18455543066359,0.176885543751913,"e"
-0.469704813112509,-1.00123881024306,-0.0690890370444423,-0.179360004107477,0.676660159839722,-1.09776202503966,-2.53716321677107,"a"
-0.280516288067282,0.301325680066714,-0.426188248542346,0.109452856928685,1.09656772748497,-0.823426319160747,-1.21477040894506,"c"
0.57483658535669,0.437682053652882,-2.25140372730972,0.230926552863367,-0.00540175843256093,-0.759362901236999,-1.15228901422032,"c"
-0.205676846062025,-0.650275146013191,-0.914170951955303,-1.26966316202004,1.23094336482973,-1.88811745163247,-2.71377014687613,"a"
0.234880505242246,-2.41967894281008,-0.800524582106139,0.620525811310864,-0.120951167674489,-1.18465343391085,-2.15081736255261,"b"
0.110628320902131,0.275546069759235,-0.753305903956855,-0.642348520392239,-0.540528370455665,0.25822353741999,0.377887884531134,"e"
0.274202232513379,-0.217346387712229,0.660649172769036,0.662357813834941,0.963181071751308,-0.0141726542000168,2.09243500329339,"g"
1.57491963007029,0.420810277461146,1.72769563867837,0.245884277190378,-0.745309113497909,-0.4058751692425,-0.28485976719222,"d"
0.567767831624168,0.514492551840708,0.782678579427954,-0.847893687153728,-2.43703681533237,-0.421514313191795,-2.36373447758932,"a"
-0.05961224987651,-0.976120253874037,-0.781818405784354,-0.434767410665991,1.2692525939856,-0.397003767485231,0.0380510770615915,"e"
-0.149587714594292,0.821322767071419,-0.125797549359728,0.883175949021733,-0.309593513306531,0.664408981045226,0.153659923356074,"e"
0.266168788377474,1.48745742300384,1.01523606986681,0.586318680312502,-0.364082440994274,-0.434903249791178,-1.09996070360179,"c"
0.528403242689259,0.52952179156234,0.294676271687752,-0.256692040700247,-0.977691834908558,0.498900888823344,0.677012728257315,"f"
-0.579388093114727,1.88518176662931,-0.296458790057225,1.22013570480016,0.657305667748266,1.19792244798873,2.19046673490573,"g"
0.94219937374031,0.723419931762873,-0.822289822473348,2.32588796731019,-0.791894213051573,-0.170763708189495,-0.268671944313642,"d"
-0.706361360151394,-0.115305742306265,1.69154607718759,-1.30704233631174,1.79512205310241,0.574520421121987,1.9622511672334,"g"
-1.27540210033337,0.781349665202189,-1.47654570549252,0.0002714681225269,2.13085949209171,-0.534204961926768,-0.529311279861114,"d"
0.733259916535147,1.8029371662232,0.929693562889771,1.14251157004962,-0.628857396861951,0.758736203873825,0.1443262246564,"e"
-0.420207094399273,-0.386689222400287,-0.613832092766575,-0.221940135169301,0.547835807397313,1.18599483824212,4.90323804869457,"h"
-0.255375085688641,2.71554023042052,0.617598091368537,-0.208314592532879,-1.08167315263429,0.363465589164878,-0.239296495066664,"d"
-0.369238216504303,1.24977061552393,-0.830615177313539,0.749922711841606,0.0598843447557735,-0.153805960381147,-0.564726618275019,"d"
1.21244832967657,-1.95674562766766,-1.13337592655197,0.117605617747331,0.50413197009197,-1.07004687909177,-1.20037295220156,"c"
-0.44536300595727,0.666756093159956,-0.156378318966344,0.099021203700969,-0.787314187742441,-0.0256533394198051,-0.923585889676549,"c"
1.13866752147802,-0.536932306747379,-0.243091746875879,1.36168846871719,-1.58860297874342,-1.50847488880285,-3.72674515814437,"a"
0.190523483027336,1.12178686221241,-1.12926441272698,-0.838988238525309,1.12243659998551,-0.57543240346103,-0.338303098676641,"d"
-1.36639361234535,1.394158720852,-0.0621924845484268,-1.0649372190085,0.840035251072293,-0.871752771217576,-1.61695523911583,"b"
-1.29810260115606,0.112209489823955,0.487082631253,2.11316801570371,0.0746456099805833,-1.01130705908594,-1.98767060589369,"b"
-2.13709831177351,0.263123346285351,-0.0546369528424397,0.510667186797761,-2.80083419696278,-0.374533980991575,-4.07356018881422,"a"
-0.0962055250040968,1.00675165660989,-0.198624209365252,1.20026303447165,-1.70188801148065,-0.806291978646479,-2.69329496153198,"a"
0.694509054682261,-0.0462009093944258,-1.45337499957022,1.04546005529785,0.906214358945489,0.189071838197711,1.85710114467598,"g"
-0.474591230032695,-0.652330648132514,0.198434624011887,0.720443607062296,0.385858223655599,1.30908303451723,0.812372464087667,"f"
1.76313061184639,-0.977249153116289,-1.39100169020204,0.502968407346555,-1.23604639481406,-0.132121743178044,-0.234576102316259,"d"
2.02584606385851,-0.259937145574888,-2.2442351043548,0.955841213527931,-1.79380611755151,-0.29144376637237,-0.459322498835096,"d"
0.427618808607201,-1.55323598310262,-0.231792439528274,0.492128055869781,0.158402701712889,1.82940773323386,4.888014536067,"h"
-0.56647934926807,-0.0452528114059749,-0.686551360111588,-0.155949468389635,-0.548892843257827,0.516922042445477,0.393851496870363,"e"
-0.83383531146376,0.677355664622574,-0.482915279615698,-0.433062177609294,-0.0802218061962042,2.00778279334011,4.48250216601459,"h"
0.398259154519669,0.53612501219137,-2.2435082661639,-1.22342035049449,-0.622310943908561,2.31486107126474,3.79105853720227,"h"
-1.47453793146991,0.616873488245258,-0.381078571390936,-0.290343372896062,-0.721029388425633,0.601529539179714,-0.218862825865665,"d"
-0.395441200477897,-0.661436540608729,0.116047733182914,0.340231988875147,0.432153340738287,-0.815801544437619,-1.66952294626622,"b"
-0.130702467875736,1.33858670927693,0.892492885358732,0.234552055698138,0.995597637563323,0.691104702343437,2.14638248093171,"g"
-1.99949394951033,-1.11781788253751,1.80852040092766,0.0118239369023853,-0.525981518869352,1.04478359838212,0.425829969579584,"e"
-0.995930861199551,0.684733535408587,1.07966351218291,0.604732987231841,-0.479383047269618,-0.409649022418904,-2.53310246820369,"a"
0.420113997913957,-0.610556342560735,1.45205527950943,0.737509763005323,-0.914601373970834,1.10172257048569,2.9283246942164,"h"
-0.0628616287361903,-0.349306826515014,2.55692358933954,-0.898103488240378,0.0235120126174747,1.67967546309255,3.74537852344061,"h"
-0.0801318484972341,1.13396930437253,1.07272807040286,0.171821356298911,0.911207183300367,-0.85091172457935,-1.33202480408968,"c"
-0.0322834138006345,1.53375657842439,-1.17891498941142,0.91323478910695,0.116916345898424,0.302108219050009,0.517327616794009,"e"
-0.718980925140805,1.10666928612212,1.07541713228104,-1.10515345468162,-0.404448294271358,0.946922017426164,1.85233605801341,"g"
-1.11656132253274,0.344061749982502,0.0538550879590612,0.393450144522101,0.728545506129581,1.82928265141125,-0.317285940180077,"d"
-0.780269902577059,-2.03857974709275,-0.234343832752714,-1.36984267105395,-0.469120419200312,0.300691924203636,-0.280482537978599,"d"
-1.77695852867216,-0.493457634275696,0.950759734312281,0.73947161533545,-1.69486210532113,-0.879094351573022,-3.44051699519347,"a"
-0.427834874202889,-0.0607929573779933,0.0730219343221886,0.638370937012479,0.285189239614825,0.504000675253402,0.826078457932957,"f"
-2.03102701186834,0.438221794139431,0.663527997545778,-2.28035386150312,-0.595438199426514,-0.195129898991551,-2.34590163145499,"a"
2.75076475294672,-1.21489123083369,-0.816198741617847,-2.01122469836498,-0.995118043519407,0.803450027373762,3.68788284632441,"h"
1.51366972115436,0.498646876594606,0.295544262688202,2.06874055972009,-0.17205383905015,-0.819654317953011,-0.851767226158919,"c"
0.0339889369122206,-1.08286995716291,1.34635766205456,-1.3150525574579,0.535371046343274,-2.43041874021242,-2.93837011085147,"a"
0.74079278440964,0.422166450608573,-0.280015435905055,-1.10975039955214,-0.460152544445463,0.99130704184992,2.59404722022053,"h"
-1.27080818013442,-0.222888718206543,-0.0630436284063829,0.0548967196502819,-0.823903402713044,-0.563879262841809,-3.36652414344662,"a"
-0.163564231977846,-0.500324694119479,-0.132833830680816,-0.862587390584224,0.104849405160337,1.43973938493448,2.25172604602605,"g"
-0.610945488681788,-1.10958579098829,0.629361770016312,0.930775491210126,0.00121830083847363,-0.1637766838045,-0.834530978636257,"c"
1.25188419178153,0.909209005066111,-0.641231532496906,0.571170400716875,-0.451599749009728,-1.77983122686808,-3.65145691607977,"a"
0.250319465781011,-0.233965280892363,-0.104018598949593,1.23483192647753,0.800731332575396,1.31818187487859,2.4919745250519,"h"
-1.70558168020742,0.842443753423706,-1.38866882690091,0.462003126396158,-0.238414316480714,0.492020091271576,-0.391356365327236,"d"
-0.855413129116402,1.26409418314674,0.43721420554368,-0.73420819443834,0.0339915266168109,-0.375876444568303,-1.25554372570281,"c"
-0.144901630616602,-0.710347268606439,0.315862086581625,1.32336062414654,-0.261726400011566,1.35434541405275,1.39192447822269,"g"
-0.32444695824294,-0.353829619648411,0.194610534748635,0.457294770406418,-0.248732721460154,1.71987874838108,1.84527536215416,"g"
-0.172564901698526,-1.0834909857957,-0.455762127057273,-0.736480752196575,-2.40005736949078,0.729463289874758,-0.50402283444265,"d"
-1.23606291698136,0.966857761132151,0.812534988776743,2.1436128314993,-0.314748841455201,0.870575380183933,0.501761734814004,"e"
-1.90230420549525,-0.480530784089882,0.275042593282095,-0.33815936800903,-0.348964205671804,1.07099472519333,0.495217626959066,"e"
-0.0945040239868614,-1.04103617891387,0.00600941134945344,-0.0709703998914619,-0.795468351134467,-0.859567481102649,-2.02253109652477,"b"
0.0325557887273912,0.19962995444368,2.01018641166886,-0.088210020371343,0.649933557833083,2.78097086007032,2.77761314687861,"h"
0.461290115199616,1.71290678921341,0.313808822685612,0.355090716864303,0.236728284436321,-0.79173138552944,-1.35386415585646,"c"
1.38140030245263,0.552736362347401,-0.846162712165968,-1.20480845554831,1.80949448250993,-2.41083225644182,-2.41406677714191,"a"
-0.416476273872893,-0.868735805153347,-0.13464104540544,1.45600050380465,0.0510805195687282,-0.282940890700983,-0.836786632433685,"c"
0.680942672969972,0.09863715835305,1.4708321999782,-0.000465609246801356,0.674342946919019,1.13100508383118,3.07906394500309,"h"
-0.414373043676669,-1.83487471532897,-1.47512573576859,-0.117623657076686,-1.39363130386846,-0.600008229943463,-2.12327402910171,"b"
-0.518345509776945,1.41119491710575,0.204499683457597,0.184148213797575,1.16575457087446,-0.0132191845798247,0.63689535853577,"f"
-0.684019730936672,0.379831016217602,-0.341768420858121,-0.861200722296603,-1.59192652746167,0.497083189650253,-0.493171371581831,"d"
-0.885648601297071,-0.0156718587054831,1.84215764806367,0.77931084673024,0.0393348065668676,2.00331877465788,3.40699617458026,"h"
0.0492370678696997,-1.57458145801479,-0.205909535077481,-0.454064171562413,0.287345286571679,-1.31684552020614,-1.47594501220047,"b"
0.185561215111311,-0.352542776940307,1.5022312777179,-2.02860718440225,-0.661248304948872,1.30198163285072,2.48973666246551,"h"
-0.608657789426454,0.621810434049114,0.242188060187471,0.137498122703308,-0.929840818220676,-1.93966990016297,-4.25656107219989,"a"
-0.731102852612224,0.413433265785574,0.0534557196961982,-0.65316524948246,-1.04121988085037,-0.632129334416418,-3.47016324287003,"a"
2.71514421265171,-0.0991952653945809,-0.125146309523759,0.720035097932021,0.950926468582109,-0.193251732257028,2.45912556327278,"h"
-1.33938704066228,-0.196023353701021,0.247787237673729,0.808436427657688,0.929344628611905,-1.91908999068006,-4.43712894130542,"a"
-0.646015249350624,0.621162355859423,-0.626612578075513,0.962452130404644,1.10942853732047,0.342001382222276,1.30380882181549,"f"
-0.932454614803186,-0.04749708769486,0.682877534221774,0.103138072341033,0.487413249501718,-0.0216366059634999,-0.370883909019468,"d"
-0.769086928299004,-1.09567871372127,0.589606056173806,0.686360151487012,0.324079296632339,-0.40127309747433,-1.20478966892466,"c"
0.371579782751159,0.597835715074063,-0.814967320392012,1.095198933631,-0.335717843183318,-0.0699200841189757,-0.0306538393113347,"e"
0.355432782837392,-0.810128007922703,-0.345798986943019,0.181892215305475,0.392921334706726,0.151452198874265,0.772794003196624,"f"
-0.983998490879249,0.819117554859144,0.0565290472947298,-0.196875416243977,0.734749805926212,-1.92894476921751,-2.46220113487065,"a"
0.214729593609163,1.10470062762143,-0.56676618106686,-0.848061384442558,0.932446531470891,-0.403584300469154,-0.0116939383900505,"e"
-0.0800850798928483,1.41998839951469,-0.0428374565796442,-1.87744307638887,-0.931494316057002,0.571288513572344,0.133780784814618,"e"
-1.42236954874659,0.501813907703178,-1.28155929663049,-2.58614130627523,-1.78207209793552,0.889466489302164,-0.322310579425193,"d"
1.10814896326734,-1.29236568852584,0.967582242207744,0.10806722742105,-0.685050272419099,1.40219038775488,2.83931713779884,"h"
1.07847763830743,0.817587784281039,1.02904885341926,-1.838341946331,0.943552780213759,1.16868906388069,1.24272003600967,"f"
-0.440250341411735,-0.700872259771545,-2.16642525445376,-0.123085258016601,-0.807779773536034,-1.89339809777601,-1.84074723723608,"b"
-0.778169013561996,-0.360897569046859,-0.303348222835503,0.147487878814172,-0.448933640695772,0.097157066861224,-0.689493123524383,"d"
-1.81859001210913,-0.682321745840091,0.179268039407411,-1.43064640975661,1.42603776500519,0.256765435058282,0.0472371007138007,"e"
-1.12408090423635,-1.13663535507461,1.42739581988977,-0.105988084981793,-0.451267298715518,-0.606755192142112,-2.11421070917187,"b"
1.06052384326958,-0.564223368348953,-0.619946595229696,0.50318190927802,-0.174984511570969,1.75062458585364,4.275550240214,"h"
-1.47870015930031,-1.34905562207838,-0.131842449988389,2.51268044888229,1.39544944804124,-1.0399697930173,-2.18337533411295,"a"
-1.55156016912671,-0.650880106228614,0.267551749228719,-0.441381349756694,0.753587877818125,0.936891160978313,1.34861007027148,"f"
0.777506675241046,-2.56959690345051,-1.45677851797642,-2.17899912931967,0.559350774369482,-1.43090043429082,-1.69694285371336,"b"
1.06844013710466,0.331580338273111,0.234340520235323,-0.678148967914624,2.08003989857267,0.0658673556795268,3.85803809093066,"h"
-0.183587701267269,0.508728668478423,-0.951528054442296,0.728847265775197,0.292420723561679,0.12886080220558,0.599841654429049,"f"
1.55824293097227,-0.49710559394706,1.89843940126979,-1.2434327365202,-2.05766984256894,0.945984142118794,2.30999814865186,"g"
-0.213242384285525,-0.944389798947752,-1.04277054557081,-0.58827197693466,0.71702546406584,-0.397004384577073,-0.430207934643033,"d"
0.930535264390365,-1.19445969019434,-1.3337462855545,1.10853913126822,-0.631611545454052,-1.31670835946204,-1.77994224138115,"b"
0.41081179611146,1.35163231263105,1.76472480979134,-0.502379987562886,1.26511726972533,-0.0213426352496855,1.44528788725864,"g"
-1.27984429783057,-0.613883787307026,0.506063430476149,0.347298686325688,0.148397171367867,1.42101277055845,0.869012922618934,"f"
-0.78236662823763,-0.666701675908444,-0.655292216815087,1.74814679479332,-1.68327798591571,-0.180381957172155,-2.6638179276645,"a"
-2.27608344985467,-1.29254752897194,0.66750883904539,0.462855341327161,1.18838811106837,-0.0627081507469487,-0.964396632902839,"c"
-0.126395908060913,0.822722389234305,1.37287614632797,0.767869707417022,-1.45381378600584,-0.630780234786525,-2.34976143008235,"a"
1.44814670684442,3.00809273739028,0.594581978865904,0.451016232888409,2.24682244873933,0.164572606347766,1.41707947519329,"g"
-1.44275737195466,1.11924175566315,0.809307437063559,-0.352577224856717,0.693021577856826,-0.0609713818474468,-0.700683221473741,"d"
1.46718717703576,-2.82179907727177,-0.929351716241876,0.366454485728395,1.15871966195573,0.253094254077387,3.16961103215816,"h"
-0.743299901106934,1.61728752724108,-0.968882572990431,-0.48812487184983,-0.149982873085996,0.926183543732831,1.75323993480761,"g"
-0.30422383867117,0.513820257373427,-0.563483048501934,0.873390014386371,0.775419568562499,0.562862899507824,1.56659935336746,"g"
0.337658062663023,0.502789311202035,1.88848870723753,1.79878062199957,-2.00402100317303,-1.47255842048163,-2.63391156946535,"a"
-0.607502085456206,-0.735291577320842,-0.116769606912739,1.05079521422184,-1.10279799562749,1.2216021791052,1.87082457411164,"g"
-0.295560270341215,-1.10851818002096,-0.0497784390573006,2.17523063953844,0.466849406984023,0.809053943006168,2.39356136160681,"g"
-0.134537140341833,0.717057188642216,0.412530895279878,-0.183562862856036,0.295439400652534,1.6213137764606,0.563260359714508,"f"
0.814784366834976,0.405856898110849,0.339006216487928,-0.686793002190065,-2.01940758122662,-0.345860767251461,-1.82744710801394,"b"
-0.27292173274234,-1.49918151591429,-0.219463937244042,0.0252921841515757,1.07618713466421,0.348624403240148,1.16187623223947,"f"
2.15948579657848,-1.22357851056703,-0.279921976867605,0.777031222359274,0.519215568176837,-0.368523989832777,1.28504762725103,"f"
1.09173756900039,1.42534797508221,-0.184466622193394,1.35804606677464,0.466530364048348,0.554512898333563,0.651524341007963,"f"
0.743384845349194,0.53548399018532,-1.13104118958112,0.311945424443204,-1.55210538686044,0.333604773564419,-0.0439207293026148,"e"
-1.20785935322085,-0.479124095951531,0.599068142990309,0.991197684905187,-0.0672891670713569,0.420285683128618,-0.234084404876428,"d"
0.327818051889123,0.70875557537422,-0.345024459596673,-0.381898646209378,-1.24511449929013,-0.629363012907291,-2.06704720812998,"b"
-0.534165105711086,-0.0109407097097293,0.328683627790678,-0.880261515282506,0.670415547627869,-0.122096680748368,-0.216459086729708,"d"
1.28394671928357,-1.39260903936494,-0.00200179343295596,0.0230683213143065,1.47966303827025,-0.550423301031774,1.0422426890573,"f"
0.0289313399757518,0.624947543900882,-1.64364047048572,0.708396795642988,-0.350808304822036,0.485548638161909,0.795769358138429,"f"
-0.395677069085485,0.680719556787933,0.830144579555633,1.47107116739051,-0.11013976674774,1.33201103080621,1.42316348740263,"g"
-0.694868326965055,2.25114000087305,1.311300782034,1.42318510693986,-1.01755972867747,0.0656422699186542,-1.24063396056793,"c"
-1.49208070067991,-1.84212098317741,-0.725708976586771,-0.73175725268681,-0.0706885084465719,2.29193774242569,4.12539294204716,"h"
1.44425723502165,-0.0889320285058389,-0.388345065048678,-1.22786231801251,-0.00716972384264077,-0.771255033529817,-0.633296780198067,"d"
-0.347017388384013,-0.6541858273726,-1.04240835427476,-0.846557226377298,0.303349590096382,0.919196174601327,2.65230453848794,"h"
-0.040259166076385,-0.371089696904051,0.739965537343213,1.64147824268242,0.899371755996519,-0.321554679933858,-0.163927921842856,"d"
1.24663211010535,0.732142681811307,-0.379227989154736,-2.53698272678588,-0.815246072464755,0.67468693922153,0.846714903945302,"f"
-1.34630152351373,0.158182933973094,0.8550404059056,1.51496681862634,1.89466440558124,-1.4668959648105,-2.28851861250561,"a"
-0.57390128068565,1.00547315824963,0.929726811320865,1.3444652874359,0.414671514317345,0.565999831915546,2.24885688161217,"g"
-0.705959250479603,-0.297361367427589,-0.511420306364579,0.342217995258965,-1.76765702614148,0.326430293996042,-0.991871658512228,"c"
-1.85740454084871,-0.23543516413402,0.575606726675798,-0.324670481189921,0.588683130467021,0.346628776393732,-0.348364502916278,"d"
-0.246970480644831,-0.263170847255038,-1.17976073787035,-0.950921260223287,0.899886601134112,0.0193166987475052,-0.0429045124425236,"e"
-0.335560928653153,-0.320464011908518,0.873922726455575,0.122596323332442,-0.700016699139742,0.688894694509105,1.38466255131648,"g"
-0.249376870364563,1.93065923920173,0.752654962070118,2.20959754572792,-0.790948903391408,-1.63003165758285,-3.53481459577957,"a"
0.459522561448624,-2.18777450752507,0.631952946110222,1.30492803631015,0.717421081528681,0.163411600327092,2.27769082111682,"g"
-0.46007548080678,0.700974005266907,0.489051670611429,-0.525514066211406,-0.64124395310007,1.61413417535069,2.26813966940585,"g"
0.0589327978627189,-0.376301495318799,0.493466172025534,1.15163592254247,-0.348032663182337,0.447730784378305,1.83495735787373,"g"
-0.742591081809514,0.335181015921842,-2.02466873892625,0.826166896547844,-0.0891892428618914,0.483797932025502,0.80685949890542,"f"
-2.16357400398328,-0.29352565916644,-0.115346632990188,1.15624483190957,0.434454199453645,-1.80231158621098,-4.33439314385685,"a"
-0.232896492306129,0.0111421788485152,0.402961199417004,0.410972694305337,0.187801362738151,0.0108998375199699,0.212684935600135,"e"
0.874906828824286,1.19801733839948,-1.32955321491279,-0.0560486435136224,-0.909762469224261,-0.347567803772848,-0.792271563132685,"c"
-0.973494026750003,-0.467733450346838,0.850032275350476,0.780177134820725,-0.879968972270303,-0.571021192085214,-1.91170874252547,"b"
-0.512746864151745,0.916382866244627,1.10568192253175,-1.92317778388021,-1.45144626356989,-0.131808132130964,-1.51143236398969,"b"
-0.923487986128755,-0.706060330933841,0.404141905835273,-0.273649488130988,0.453958842190217,1.91031831110422,5.11142399265519,"h"
-1.49442572505426,0.786935537567585,-0.1231415111585,0.603717731542565,-1.03868828636015,0.203381598328376,-1.41186193612654,"b"
-0.165930360408234,0.399883944758829,0.448847720233787,-1.3173483134016,0.593455855687021,-0.744779687586061,-1.37024910309433,"c"
1.58223832089647,-0.638705322402213,2.06815374822123,0.955588630072064,0.673746246255488,-0.469795914778032,1.05076455633585,"f"
1.01460226574204,-0.343121408389342,-1.24953684208491,0.0128535381240465,0.593841191768009,-1.0095022844113,-1.1470975141398,"c"
-1.14647834264576,-1.11827841829955,-0.219531175197536,0.291436094008399,1.01579013248112,0.327770721480828,0.86143140222345,"f"
