-0.708484753199268,-1.10735294503662,-0.730508026597474,-0.164563750873484,0.458102406858892,0.659525039551573,1.38501798877637,"g"
1.47509245910163,-0.627882789602293,-0.395841246316961,-0.505197318331309,0.174809245037292,0.1066122042502,1.79188321301784,"g"
0.845004184791874,-1.47950194751663,-1.41580851530864,-0.402419899860936,0.561618237657,-0.667501487369261,-0.411482115992596,"d"
1.29399443128524,0.154343172591128,-0.108938918048955,2.29525135771336,1.16942072187173,0.362747023670585,4.12677642383073,"h"
0.298161142112736,-2.29948440898886,0.0742999100866636,-0.0580401671795209,-0.148077670559391,-0.790735128448972,-1.45843352377445,"b"
-0.405682490041251,-0.438727683997505,0.450190145252241,0.122377660093357,0.331097271529568,-1.79370053018761,-1.9468982422358,"b"
-0.138807577982104,-0.649680606625481,0.387345818219408,-0.200777680900441,0.426497776608597,-1.47594034559591,-1.98382514588938,"b"
-0.222592731398034,0.42404094736766,-0.258295013654982,0.460803568959291,0.248623463359725,0.195672552890503,0.611822809266252,"f"
1.74715025737053,0.04704972759229,1.52349060267839,0.645915650637838,-0.885461456203199,-0.127268266497642,0.123689035120746,"e"
-0.0817046681623564,-1.28504406642632,0.551343438191555,0.286538618290046,0.456430496063153,-0.268611952655298,-0.296045667546756,"d"
0.124141586071813,0.0455323579691054,0.329901773424851,-1.95530249632377,0.456176161191742,-0.229059911147846,-0.298500465305647,"d"
0.392236141474737,-1.44942970012147,0.172922695498848,-0.0701225197177418,1.74881277729728,1.9312477460977,-1.63668488553152,"b"
0.378419970102759,-1.63370440274117,0.426641536239626,-1.99347695672314,0.0475969684897553,-0.413424562700733,-0.661807636186122,"d"
0.166175673174054,-0.517284961561913,-0.81369958479915,0.12113268416054,0.502083851838063,-0.773902585117579,-1.14859421268676,"c"
1.15338736937092,-0.991151429794605,0.6513550940694,0.435595856445392,0.00571793674438376,1.6426854157411,1.66039184510201,"g"
0.0147483022681116,-0.728485044991844,0.91998179593906,0.138904324140564,-1.38466003827719,-1.58987683238137,-2.87322553035848,"a"
0.021440844986809,0.45195163353508,0.390101787740324,0.98249750140919,-0.35962559764327,0.929243027102302,2.64649121940831,"h"
-0.826352170277978,0.887181334857803,0.956724098094915,-0.28639139689746,0.583026734951737,0.355948415781796,0.300072588034168,"e"
0.047399132550026,1.26457340131723,-0.16997356330855,1.69415206361822,0.276483946539392,0.271440784236219,1.12721959266801,"f"
-0.29310737236623,-1.2914193908637,-0.37997791624304,0.521310798765152,0.589977556254527,0.223464603355051,0.15909172111802,"e"
1.20763218108149,0.182510306437314,0.144207957047683,-0.471600216736816,0.99784519601579,-1.04511999958865,-0.67473900411974,"d"
0.0320013836171566,-0.0898096748586877,-0.718284089037368,-0.386758442784397,1.30169480090196,0.775765166341482,1.06866866693155,"f"
0.18039754965722,-0.112629275544733,0.206108648000604,-0.0329214922660704,0.773354548905058,0.0276301394913966,1.21756501593038,"f"
0.0771605798365559,0.162801337799746,-0.367334361162208,-1.58992520363957,1.03468306417929,1.15042855453089,3.50347730701203,"h"
0.558395337854583,0.555861005892057,0.78844287690758,-1.63163038028258,1.0254720447516,0.253422224850174,1.081081899156,"f"
-0.166854367090922,0.853394680085335,-0.310952795313584,-0.619216931963733,-0.652585150557746,-0.824886823104741,-1.69984990581928,"b"
-0.227980619012441,-0.194899361264067,-0.859140099235656,-0.428563857141977,-0.388386985371761,0.2867631891545,0.173610285610811,"e"
0.242666056474972,-0.043411908824238,1.08527966282355,2.14362343945784,-0.343411173478194,0.94292281188872,2.4950341948903,"h"
-0.928482968757495,-0.529438315677381,-0.784779324065184,1.3810553316266,0.141624218636418,-0.531076400272278,-1.54375001299655,"b"
1.51540667810558,-0.598510598813663,-1.22096023369685,-0.981823126383242,0.529877799738983,-1.29761423738876,-1.49762376703082,"b"
-0.811598824423322,0.149297681515692,-1.05669143190821,1.31291727573403,0.168899504111249,1.22093399256475,1.9158247499301,"g"
1.31124740775781,1.25582091628502,-0.996890553999383,0.37237404245155,-0.129072748126917,1.4774014046943,1.49475029463121,"g"
0.815566796043395,-0.234369528237071,-0.672605085007957,-1.56624353048022,-0.203945740531141,-1.20779824273056,-1.67074686572514,"b"
0.120032667774245,1.42234027590558,0.665268367117443,-0.827262343418682,0.949907249943707,-0.941934556632717,-1.31871347334182,"c"
0.881789848040112,0.292127542416649,2.23607768299827,1.04343224242771,-0.793874381384044,-0.583515720742586,-1.32758984872526,"c"
-1.79874311724579,-0.736886750911132,-0.601798169136988,-0.561818712619361,1.13491523129794,1.13409032605331,1.03809221709521,"f"
-0.957051077783485,-0.129996551601068,-0.291617742041659,0.458990224520003,0.326336598215952,-1.75717205781495,-1.87103665137272,"b"
-0.474058605598688,2.20088565248371,-0.840974861997574,0.461175487055935,-0.469723428889165,0.0523115695359696,-0.647607512529904,"d"
-1.86046128288841,1.61308128588902,2.03169951529518,0.588209677799053,0.738547010227165,-0.456668757746214,-1.60292957601683,"b"
0.253690072873354,-0.26749958333113,0.429372125157543,1.36518764378278,1.10960223236544,-0.98754657358103,-1.26859068691226,"c"
-0.214401712612015,0.127603168070977,0.811017521236619,0.237584965544049,1.77546756023279,0.0212662362274618,1.60094264843057,"g"
-2.37018145077983,-0.370892736342783,-0.174299948662504,-1.30193238294649,-0.107460437432459,0.354007955037776,-1.02565357846371,"c"
0.00325807806170644,-0.45240228079554,-0.316371483222665,1.73797717526926,1.2848751270232,-1.1610617894511,-1.71134384901691,"b"
0.669745568250246,1.19747824794478,-0.493001894880578,1.4641515375989,1.08037379807365,-0.475834282489197,0.0377106369169845,"e"
0.22682084259187,0.96133969597919,0.190778474263146,-1.34449753139246,0.289788784488691,0.115356546056746,0.97305148520417,"f"
-0.591868492327374,1.09924455163413,-1.10374498385306,-0.00785353737260052,-0.376312392042594,-0.366886855308843,-1.48619675634741,"b"
-0.405414493510792,0.0535345423717118,-0.106413313673938,-0.70936074042859,2.16706424270639,0.152109273647349,1.7245680514749,"g"
1.41422466452754,-0.0710825567723566,1.45899271279567,1.41991031580876,0.626295755747261,-0.81243120305225,-0.385153019726578,"d"
0.241625825019901,-0.265212622157535,-0.307474298207601,2.10075386944952,-0.261573025354082,0.782932160071297,0.835724311055624,"f"
-1.43608747835459,-1.08747278723801,0.757181411339213,0.0564296591069551,1.00518964754239,-0.446806481884552,-1.34824793532076,"c"
-0.3145527446015,0.112995340582098,-1.71082538990561,0.805545121849498,-0.504538218190194,-0.245030388932158,-1.05328877894853,"c"
-0.480542810843949,-0.368761608320487,0.595309607840453,-0.192729984044777,-0.828922601635695,0.946420712028985,1.03755708852693,"f"
0.836254247778876,-1.8138184219912,-2.06796665049081,-0.120578133623976,0.35193704346938,-0.1979663706041,0.556322544808984,"f"
-0.0523492869833631,-0.727994367604011,-0.085739756022964,-0.241185306317347,-0.136433636866877,1.67688667115121,2.46961607032882,"h"
0.951957624927727,-0.323343455989066,0.0322865498355265,-0.255729560564573,-0.221653728162556,-0.0433181856889355,0.482072683606182,"e"
1.49451279806777,0.118178060520712,0.289686397335944,-0.208778684199772,-0.695056632384057,0.204242635135247,1.38471717029776,"g"
-0.344214729356134,0.522721178861621,0.808938068782094,1.63874899132797,1.29500820322422,0.837219768318116,1.73912573206622,"g"
0.645775407447566,-0.394712043684696,0.326262471385793,0.714250475740833,-0.0688461537474459,1.59664621107762,1.51211247489469,"g"
-1.53450055055506,-0.73826236103515,-1.70385747929138,0.0217302717446328,0.422909624053434,-1.34003660511419,-3.31848082638399,"a"
0.599672514259445,1.31970010294775,0.525504589286973,-0.710864161048023,-0.855553974988647,0.100785125612881,0.188909838672766,"e"
-0.504358892133008,-0.547717471977428,-0.803033849897745,0.0676502468843134,0.902373618252109,-1.81409409488165,-1.86842352638285,"b"
-0.406909624920841,2.11653074283006,-0.237655720757673,1.86731297579186,0.0124889759018494,1.23873179493328,3.0975575661335,"h"
-0.460935205971179,0.238889683387322,0.855349058606463,0.739326266504284,-0.627540137026848,0.652071918841591,0.819474287042353,"f"
2.21490842638941,-0.5159693737009,-0.469487044872641,0.965687441155563,1.38953988224963,0.773265089198513,4.08261454052844,"h"
1.48696782015578,1.15875218047499,0.118012783962592,0.469334930510721,-0.128454802730873,0.420042526202366,1.73239277094231,"g"
-0.355098858115344,-0.634357811771639,1.24744155487288,0.732928055516849,-0.479971691153666,-0.313984187800483,-1.14478741465678,"c"
0.876203737467655,0.862710826554081,-0.688397298525598,1.33379773353792,-1.61088708719011,-0.590981236322034,-1.64991572328703,"b"
-0.214696646491353,-1.68157302602931,-1.38356957505861,1.33018264123515,-0.201140032763304,-0.949718784259914,-2.25544754142738,"a"
2.02079836320523,-1.63679211895767,-0.0429324152504247,1.94267086501351,0.710531987173982,-0.314869913020521,1.52619079691713,"g"
-1.83866156167237,1.43029016146082,-0.209234229793679,0.454756407687484,-0.237789478811762,-0.150584369136291,-2.53064334534582,"a"
0.172937164453662,1.53937649515565,-1.46699345437248,-0.435878269211119,0.20192950495569,-1.47426057653136,-1.21478324342381,"c"
-0.763245039870171,-0.0772108624475168,2.23577837996425,1.64225074144847,1.22576162817732,-0.555358653432806,-0.906245160044033,"c"
-1.11849291417209,0.72223242266725,-0.625144963466059,-0.119391301787612,-0.411347206818148,1.83955343105871,2.16314383144948,"g"
1.19797746140588,0.762012389019607,-1.16791378535796,0.00340335670933783,-0.173795656396812,-0.163211096149943,0.201191072423181,"e"
0.981193912191701,-1.10521674353206,0.149528831353739,-0.287662480449381,0.432339684507022,0.152792332325889,1.32444633388722,"f"
1.19174920518924,-1.46116858548005,0.861319900436406,1.00491484043496,-0.636587829102587,0.428543466281359,1.56926596079847,"g"
0.632833568286058,0.295561895272746,-1.04620340695284,-1.51968148730033,1.49129898675602,-2.16824934128728,-2.23928910393861,"a"
0.532825947274317,0.658526506382546,0.172260011168559,1.08058886616215,-0.522761354812737,-1.59482757183887,-3.65733466814026,"a"
-0.820121899830455,0.645142724550194,-0.307020751013317,0.435371425788478,1.29453693624754,0.0532626388913229,0.396698782593478,"e"
-0.159325675807418,0.623653457997049,0.903345609704876,-1.38914740785221,-1.87960964217509,-0.75879443083432,-1.55473185588703,"b"
-0.0175321220207083,2.31584930145046,0.985248693579898,-0.644304934535146,0.291871915863932,0.193179152948196,0.0781380096475992,"e"
-0.3906642045134,-0.381598876773496,1.64382848352283,-0.317781886842247,1.40421474637948,1.03369055383092,0.47222484263798,"e"
-0.402775110459583,0.0316881639741096,0.814559724315758,-2.61114258170533,0.405511755602069,0.220155241693132,0.244581776317537,"e"
1.27670696324037,0.77662539998112,0.825113160502635,-0.40407018015622,-0.278442102989983,0.748597391915595,2.06109717055069,"g"
0.821075753531072,-1.98304783109618,-0.345773922268498,1.96393938899604,-0.98525257737358,1.64246824123734,3.94531690789656,"h"
0.419785145559838,-0.00544671005295661,0.411147334811907,-0.908038235741134,1.44440038080979,0.210409834643485,3.26754544708198,"h"
1.7116612204805,0.702411712708128,-0.643214383032651,0.231002822174116,0.315700818228841,-0.3903454198427,1.49963411060131,"g"
-2.21563271469745,1.22316401618531,0.942059476737368,1.0830313909109,0.557496065341602,1.45705626116658,1.12453972727488,"f"
-0.184878196590688,-0.141397452682117,0.469591783783608,-1.02306279033738,0.961455536217954,0.0676296858422742,0.746606023821438,"f"
0.671168243212154,-0.495379010457724,-0.662112238031653,1.97588492251505,0.337999321294239,0.363526692107711,1.02494324087954,"f"
-0.795140242008726,0.840522625855864,-0.309471102210805,0.501748488618785,-0.468493543928571,0.511525145950702,0.00345329561894536,"e"
-1.56625783497985,0.560050140634963,0.794574263563387,0.933783648176074,0.172536403305749,0.707495918629242,0.292330574721897,"e"
1.21373248757945,1.13704593852094,-0.914850956328082,-0.43039484606866,0.0494339803229547,0.777315863097779,2.97436257940083,"h"
1.50381007426025,0.47380131019073,-0.46552030933115,1.31892143095789,0.623739176012366,0.861763815685404,2.50915661130898,"h"
-1.16942502103787,-0.150440355319685,0.81966936293018,0.786662562582706,1.39312530462528,-0.461242237359217,-0.809528429238086,"c"
0.613377167491562,2.13899523489999,1.52103573807541,0.390908196223622,-0.662181582626268,1.30342017720236,1.89921513180075,"g"
1.48393132102916,0.21799654886131,0.265354790340186,0.555016633556504,0.77008194014069,1.2873889676892,0.118295189128501,"e"
-0.443773735690637,-1.89596918092542,0.61906693973862,0.495861492581085,0.889866992885112,1.22215263717364,2.98160407147009,"h"
0.26858974123372,-0.142738392744842,0.471080836691713,-1.58883684732483,0.599875375300868,-0.486246920060319,-0.396030754605708,"d"
-1.22821682922388,1.46242573436815,0.463144213415792,-0.321264476617403,-1.40200787779153,-0.576861742729711,-2.67922220552398,"a"
0.478528762375528,1.07465712192459,-0.160161362753188,-1.55205289129701,-0.704677959183608,-0.848527468597594,-2.2328790260635,"a"
1.66985957321093,0.65505667154527,-0.0356854719207713,0.961515998323132,0.11908918044551,1.12270684283114,2.41819964144945,"h"
-0.0364555451667785,-0.123133658060412,-0.574684815796083,-1.08631526895708,-0.331389574350663,-0.420556188188653,-1.26489352448813,"c"
-0.440936270878296,-0.929721804570452,0.845350016780738,-1.71625724532906,0.70358262354929,-0.299249672622006,-0.474683930504126,"d"
0.734408890107504,1.51655652944509,-0.581766122502707,-0.355226178000984,0.528391727208836,-0.679564476814681,-0.601620131408179,"d"
-0.575309458147341,-0.0767929585244732,-0.502357105667506,0.979276001602726,-0.225932713484383,-1.53196397851642,-2.36472849054677,"a"
0.0748975538661173,-0.369791935492866,1.08807626456013,-1.17407069681677,-1.23246703021032,-0.202218113390343,-1.18349072210474,"c"
0.0593018392630399,0.606232667538287,-0.392953019375013,-0.39646086319618,-0.833897280682256,1.71333456439212,2.77613076695135,"h"
0.848264703078612,1.52673799718179,-0.660461119106104,0.0289593438291437,-0.461649208816577,0.309577546908296,1.51382102445147,"g"
2.57539658681309,-0.0815108510702504,-0.149025126831004,-1.47050642898204,0.620959383344816,-0.92487011447313,0.442938769267849,"e"
0.0942599635459053,1.42835885025542,-0.875485297601708,0.965172227652805,1.57029671610345,-0.0292894799303456,2.3234707767422,"g"
-0.519949531910684,1.01357183537485,1.69900157071404,-0.781441694326861,-0.879411111948547,-0.114889453920837,-1.28721715104084,"c"
0.774428621342253,-0.676577826798798,0.0681902615686331,1.25731933789712,0.31806745822536,0.118657463977508,0.0838476802975713,"e"
1.22828925928132,-0.236565665070206,0.533187580161583,-2.04624731350116,0.0258755349633956,-1.25349245609468,-1.63244793033343,"b"
1.8806068849269,0.505599115347081,-0.0809489931171141,1.81907818840335,-1.09524661333166,0.25810008143975,0.946610853657228,"f"
-0.12524172317419,-2.527752927608,2.44678142789794,-1.36738210696201,-0.929189650517481,0.218056284933803,-0.153267275497742,"d"
-0.759094766002815,-0.700668672985882,0.383899033589134,0.371975670493774,1.02842078916039,-0.553191986613741,-0.901543770868928,"c"
-0.509303603316527,0.0916075765359644,-1.05217157790919,0.752496103351326,0.511972624084927,0.229864209734019,0.411583136067234,"e"
-0.156039668908337,0.852173584584716,-1.72223382689635,-0.844102703844422,1.54756262105399,-0.447870631562525,0.0317181161725476,"e"
0.13258244242087,1.12390932182152,-0.630819249532984,-1.47470376454233,1.80331821183215,-1.46067225347693,-1.03105871988651,"c"
-0.974084021729325,0.827869297615098,-0.953595979307938,-0.127286512014817,-1.66768482787784,0.212417503974241,-1.6200251511037,"b"
-1.25094966288744,-1.36811281044197,-0.0799824652161116,-0.113083339799982,0.230666302695657,0.995477475460552,0.53629606533599,"e"
-0.0463360420117644,0.189759677003288,1.06269590228942,1.80629661050898,1.24113342862163,0.414672296721524,2.02444393035978,"g"
1.13738777138375,1.96075593071296,1.35105683588719,-0.916313634312726,0.168681766837977,-0.569148789068988,-0.136531781827613,"d"
1.26444989051124,-0.806017715197506,0.233290220467501,0.326036046291725,1.17412955892599,0.925684093812191,2.86878927336801,"h"
-0.548742075609878,0.247350267997651,0.333898791430879,1.72940635648993,0.158000377202759,1.34073091029095,2.26340346164292,"g"
0.682391430376709,0.507828230589266,-0.764770258059631,0.618631030344355,0.775553531402919,-0.995697492974742,-1.14713874571151,"c"
-0.929773363396849,-0.495801750887118,0.769384460111079,-0.243510381056861,0.0140913339161832,-0.678533196770616,-2.13660895300613,"b"
-0.975148693158881,-0.902102367792199,-0.215012961469369,0.304153582140177,-0.282630469506337,-0.973718469965979,-2.47777646930125,"a"
-0.0271170785416331,1.01253253821805,0.383380585285891,-0.156110527544565,-1.20823590383144,0.47627951796846,0.278644357540143,"e"
0.446671886161862,1.63654056714122,-0.542495361192335,0.666411599298846,1.40741213435797,1.03790990482947,2.61658627155627,"h"
-0.329112248601294,-0.825520511156942,-2.09457821979085,-2.14302489314417,0.227540728410991,-2.04265441330541,-2.15016569763532,"b"
0.113049079538066,-1.3012840050467,0.378050058674768,-0.78568405021106,-0.158852900537199,0.412107057836421,0.161019271399682,"e"
1.05122939468359,-0.48404260724359,-0.705934228100799,0.856316141794086,0.455855928877443,0.163175389698187,1.74045509565872,"g"
0.326977400254375,-0.191561941011567,-0.587104529776401,-0.354721322258521,0.699231004791516,-0.334277073058326,0.376602474015444,"e"
0.787037443627356,-1.20399134996244,0.100086359264024,0.186108945566869,1.45868530913926,2.9925262504105,2.43669834943741,"h"
0.441559618611672,-1.55456583296131,1.20206635876301,0.385897720447525,1.67851378753806,-1.39353348478052,-1.69359893741267,"b"
-1.0193045141014,-0.149289700117712,0.659843996029173,0.605504903376208,-0.440656924201901,-1.4678719407043,-3.10181070659877,"a"
-0.158698326273543,-0.988248952724074,-0.626745355629488,0.522120605186233,0.346396310600689,-0.0422206415825377,-0.182998380219916,"d"
-1.63770129248046,-1.30053093091561,-0.5297761060361,1.60783185005388,-2.11809276177616,-0.873754428684654,-1.76937022748955,"b"
2.83926623148905,0.764001921059871,0.876503187066198,1.52866477040127,0.268025444492817,0.310207175948051,2.00600299947223,"g"
0.961819159756553,-0.764220022611465,-0.0501382117554443,0.28576086930816,0.386697623962072,-0.396726165674935,-0.0391062518661034,"e"
0.508432001065743,1.05984221884934,2.28039035278068,0.966478863217056,0.621078261881248,-1.30847965877457,-1.85760036547755,"b"
0.259523192498461,0.57440044408287,1.37981056388706,0.0416768592470657,-0.0122594841097801,1.03252643627934,3.69009969212491,"h"
-0.773404125713211,1.45435481550686,-0.573636034265391,-0.186568045187717,-0.225662704748812,-0.388891488266605,-1.30507722363432,"c"
-1.80552753054999,1.92660650471496,-1.41683742805949,-1.35109973691869,2.04302099731891,0.0997767148596622,0.353468463279391,"e"
0.178383231874173,0.377693133486229,-1.24490745892045,-0.953225887238042,-0.973720737499757,-0.407238156512406,-1.44004852792584,"b"
-0.525777308854547,0.457817316762233,0.900082479972465,-1.28260715206422,0.0153971383292519,-0.395957388497717,-1.10259338782323,"c"
0.400186316376946,-0.31447816644956,1.98943025652096,1.34873878034295,0.495188989952527,1.73969844162734,3.58962687975465,"h"
-0.122587586006435,-0.196337224380104,-2.7869752863569,0.0874895241226501,-1.43259249710247,-0.463414934004591,-2.05914508361669,"b"
-0.071345032172315,0.532207247494224,-0.0231353041714221,-0.566758222228008,-1.42174818529359,-0.417561315096708,-1.92369009229217,"b"
2.09573436490871,-1.29693081531245,0.20416083949886,0.573972933736301,-0.992355877908965,-2.32564517750629,-2.08819931091454,"b"
1.32208261453747,-0.11645988062413,0.0442285246504582,0.916852242958057,0.649618182385136,-0.494864793663598,0.632503834187108,"f"
1.20055899507645,-1.79143581404803,0.627097487843708,1.18252111875883,0.247651565015443,-0.335363913530584,0.100830568282903,"e"
-0.781874565462437,1.03763844969338,-0.947249554102923,0.0899209600979651,-1.3814195766328,2.08658934336104,3.24388315492459,"h"
-0.441476451433395,-0.751737314875728,-1.12282694379079,-1.42392593244129,0.645473263571785,-1.37968430961676,-2.58887692793715,"a"
-0.246028129157552,1.44332020723645,-0.0203236494560916,0.185840156643214,-1.71000404697494,0.296460676603319,-0.792255637133378,"c"
0.365792189718228,0.734189087170021,1.2250255434615,0.647343621455304,-1.10511107466985,0.37730924775271,-0.133008026895841,"d"
-0.0341328818907623,-1.05455798625911,0.0830589846957565,0.12338154993159,-1.49031765084403,-0.431742333619646,-2.01756352092909,"b"
0.296227003481074,0.0304247268796295,-1.88591517043019,-0.55704062281247,-0.873136710354335,0.760643633106932,0.852200793047194,"f"
-0.221059772229304,-0.620591655940658,1.05692712755331,-0.424403791221579,-1.31945020362151,0.727781691406978,0.598894634254593,"f"
0.187706159042561,-0.193502015253332,0.612912188604118,1.42145636154612,-0.627112678326,1.05306969155939,2.92706787330683,"h"
-0.438062171820715,0.393606874156187,0.589650090856764,-0.810897492817167,0.907897340377055,-0.483210683239662,-0.726015247267785,"d"
-0.0887335790940037,-0.0332261575299267,-0.0664513410540004,-0.678534610614393,0.456003324466361,-1.62132556869063,-1.61081709386794,"b"
0.634250028784144,-0.528722573075448,-0.608107880705501,1.87299949138103,0.899749653645068,0.952000710991465,2.61448564692113,"h"
0.865538236603713,3.07100714670855,0.947304574311816,-0.915749659263109,1.53001050581281,-0.777070717924078,0.1576816393901,"e"
-0.430593090276711,-1.42472377372648,0.393169957539979,-0.0121280024410336,-0.094239166125032,-0.681728185651606,-1.97027683221398,"b"
0.0130308941479359,0.330701263682811,-0.385205931220982,-1.11723797584203,-1.13457473270224,0.790360054374687,1.31242175732172,"f"
0.0512496290641365,-1.75947902260712,-0.609263121875332,0.269965596185851,0.875055187032847,-0.772757128167519,-1.07668081621797,"c"
0.538638151739993,-1.01638420075623,-0.384385145995244,1.51165398996396,1.29510298057481,-2.53784287864914,-2.82075906838555,"a"
0.519672613277613,1.03686203962414,-0.901423669169815,-0.593155677780759,-0.117643267092601,-0.861159918202706,-1.13455669568873,"c"
-2.42291127538074,0.0347122791542564,0.872945893445366,-1.61495436552653,0.534351135762205,-0.0296299901010201,-1.22066018724653,"c"
-0.806290252907475,-1.69369135550646,0.561821258649322,-1.37389655072927,0.401662921104558,0.555476515809489,1.30626046632381,"f"
-0.48467999204184,-0.374082126739267,-1.75727852201041,1.19273754026764,-0.353550145388521,0.0940844339089864,-0.361706059002034,"d"
-0.653077283628056,-1.25836245269734,-0.812116095030972,0.116453950628007,-0.415283050234956,1.07344085571557,1.4602089586051,"g"
-0.293764246976082,-0.608105629655352,0.238690587306345,0.197141987593226,1.93623945150601,-1.82451640051349,-2.98207842205349,"a"
-0.2769890042134,-1.36870786071166,2.50600171945661,-1.53435720828954,-0.0909103936563371,-0.219591532002343,-0.75645058685102,"c"
0.13646958927583,-0.942163445622652,-0.980587164977898,0.0266187370715012,-0.296634703263191,1.25576333423743,2.58833733139012,"h"
1.06720772231234,0.739857729687932,1.56612505548574,0.362927092744576,-0.0862301443816359,0.725655635405033,1.67642456959816,"g"
0.00182810315808239,0.0220943412557918,-0.758867435460749,-0.677324331988652,0.270238393182525,0.68035057741109,2.25623114341359,"g"
0.140092252246523,0.548882731821274,0.493845104407795,-0.386793165637105,1.02780386692206,0.316248547795301,1.17929351978445,"f"
-0.520598538385502,-1.35069805764911,-0.327150451908893,-0.210774079348633,0.257960372675982,-0.830436805504393,-1.7474026017885,"b"
2.36581163626764,-0.644467633242766,-0.434879039791095,-0.633652476464561,0.366420885047389,1.54368789160169,2.15650640128922,"g"
-1.69647441454968,1.0478447341527,1.51972310598665,0.0795693180901237,1.46881989213592,-0.265812827091903,-0.757339268296842,"c"
0.682585584422664,-0.32139336354192,0.00367780327376533,0.238637053200557,-1.13614526728174,1.36954638965141,2.78660438834405,"h"
1.36156197594547,0.0343258828669368,-0.402339950189665,-0.511546412344798,-0.49267297822236,-0.104111493780632,0.56630820814575,"f"
1.90595575652726,1.06394837024677,-1.49546643318771,-0.820642372003215,0.382680969496754,-0.0619375132826698,1.84190725653151,"g"
-0.672838542168008,-1.587608153716,-0.945985513168941,-1.49754643352326,0.484637960127519,-0.144982452279838,-0.638130187785244,"d"
-1.06291143184481,-1.58346240402098,0.906429508165284,-0.152302024008818,-0.524258580518932,-0.586804195929225,-2.37341781330603,"a"
1.63368315783524,0.110531326584485,-1.8138676227741,1.31866600122672,0.0449834212007628,-2.85302645619554,-4.61793605782651,"a"
0.540830359055542,0.24629883661109,-0.951775431693625,-0.775961868773811,0.195675852067277,1.05944987825635,3.84300793014011,"h"
1.45685797120364,0.057149916517757,1.12685209928443,1.14813482753955,-1.09492322537857,0.325948728693526,1.48237104579276,"g"
-1.93378424266605,-1.083303495405,0.139889064863916,1.14096076554078,0.844389219248687,-0.207748453426991,-1.33569545031208,"c"
-0.880400797789813,0.216301110779326,0.100339976726643,-0.334901191196096,-1.58392530778909,-0.5187602812564,-3.18815813741026,"a"
-0.797730161576603,-0.823685525492682,-1.20452862938108,0.629659134172281,1.82294229936361,-0.429469931378151,0.00263266707635113,"e"
-0.886130974453524,-1.50078039664335,-0.0834582964123605,0.734016763723658,-0.0401414528724738,0.234893600820525,-0.109685943957056,"d"
-0.294827785274488,1.22656701036181,-0.797082246877261,1.80204961903684,-0.921220747132957,1.21988200675915,3.21488302012602,"h"
-0.88665169332877,-0.215867460746664,1.10152457861283,-1.1484800569472,0.648888050079395,-0.176309317237343,-0.565012207184382,"d"
0.0990846729346139,1.73378476197685,0.108410406256059,1.2163813543439,-1.06471897012637,1.12321097059245,2.63340443989531,"h"
0.720546895436552,-1.43253568438313,-1.19050679904253,-0.673465521975317,-0.358510586233413,1.5875731093995,2.27306596805887,"g"
