1.0004692146126,-0.17647895242402,0.279921276063126,-1.15193115986006,0.808876521006384,0.013408090538246,2.21304190878982,"g"
0.527999513467354,0.756314867881325,0.777407773146438,-0.874614335122877,1.79607310532504,-0.505660216836687,0.450798131488612,"e"
1.16360593127266,-0.980007711938516,-0.22108972397758,-0.0560054643220404,3.08689326693051,0.927790117584066,2.11092804783047,"g"
0.173137013637371,-0.386424378611243,-0.137676835444212,-0.648120779584456,0.32796649832284,-0.0914805449082444,0.378581207604561,"e"
0.577917253395509,0.381516253893971,0.115230043280382,0.267518833959009,-0.105660755850493,0.27747836674586,1.11544248388774,"f"
-0.116008706657998,1.34576853903169,1.53326957289413,0.349756193898319,0.506631755992987,-0.637047143896759,-1.02678388260448,"c"
0.904521144884279,0.983748677204622,-0.655774460202404,-1.21730203163876,1.16997285571533,1.80891892840207,2.49013840351065,"h"
-0.0165867095523907,0.0866372978473369,0.858378700705421,0.0819279137882066,0.754388254582391,0.939060154854763,0.921278913257499,"f"
-0.922297408604722,0.469669925075942,-1.18767055174955,-0.795643416074766,-1.46262570857962,-1.3856025172944,-3.25223472516324,"a"
-1.06011455017614,-0.892900170425889,0.539540380353078,-0.584737941679961,-0.10841451048587,0.893849557142283,1.12351360981389,"f"
-1.78719963981768,0.0022296172264075,-0.266362162701549,0.534806561108162,0.776129642536147,0.430845693206497,0.302644753828487,"e"
-1.06655177911647,0.150747679163051,0.758172234639729,-0.530695811560804,0.605593907671512,0.031233641175714,-0.0714867235911655,"e"
-1.12982917109926,-0.574554552358157,-1.03140202924528,0.130699486179486,0.482777234664014,-1.67083938698492,-4.2961160275303,"a"
0.387267796166273,0.235160434661414,1.02493151035965,0.877061310853912,1.68051058345711,-1.95191151894183,-1.90619532225867,"b"
1.27026338176579,1.26585840795349,-0.145261592107585,0.557893934356046,-0.150819045086201,2.08072516803889,4.59021436415389,"h"
-1.64611782851037,-1.39029803855796,0.109223830245961,1.15001553672978,0.679599923638464,0.210062767398136,-0.246941413858074,"d"
-0.123604068590942,0.115795723626492,-1.47859879469305,-0.282304681204615,0.44990017772356,0.0231849420855624,-0.190535802575873,"d"
-0.971640654458877,0.892577295557762,-2.27919122231221,-1.74263112105512,0.0794320207611744,-1.8745872269894,-1.92474155847999,"b"
1.06858736365821,0.0387528786095076,0.600076890401089,0.401343311183619,0.346250709349121,0.678432264047015,2.07463913188221,"g"
2.31625287415899,-0.0383726984066662,-0.34657819945393,0.649059795439779,0.350283579878882,-0.699369611335347,0.119092305747663,"e"
-1.68287339240255,0.811453345749197,-0.2851536719188,1.08786519588524,0.0427334303334501,0.281414194038474,-0.483087995810188,"d"
0.135875428339561,0.0334869045374576,-0.647652157968719,1.15911750653867,0.117906707591389,-0.904733137200122,-2.13782638126545,"b"
0.498437767358099,0.66331886568364,-1.2722147004298,-1.5105044938258,-0.391226188020107,-2.54433800555148,-4.63151896739857,"a"
1.33346296838105,-0.220091795409948,-0.175173180862862,0.114206604777895,0.849746774672945,-1.22533659842808,-1.05777571274505,"c"
-0.0229545683914572,-0.0157365454661682,-2.2013195774885,-0.161878191561032,0.641267740810714,1.0806556814057,1.62161075943967,"g"
-0.191523236868915,2.08771350103721,0.579875979382598,0.552162659940676,-0.853320534362048,-1.46316819696938,-2.48345417308009,"a"
-0.4406148926426,1.49658664652925,0.0627964710563023,0.348733450667511,1.4502467431415,-0.112168689638461,0.908936578110295,"f"
-1.94140598181384,-0.309764024812839,1.77512451807074,-0.0626792156613078,-0.583477618206064,0.619369237398232,-0.463983007460666,"d"
1.41570671855392,1.58429093318069,1.38369469986432,-0.482827569982383,-1.51547175595727,0.631459147286001,0.130330424994953,"e"
0.59639965713725,-1.1472783795763,1.63096028640421,1.99597980344439,1.45072146429518,0.502040829137358,2.35905671924498,"g"
-0.652922288694322,0.937994138300732,-0.808391298131938,-1.25150957186429,-0.878536729526535,1.01464726005807,1.53601693365125,"g"
-0.154144672854462,-1.17647337848892,0.0955654514987424,0.528487960430435,0.475167630398258,0.0896864923251516,0.677317176759568,"f"
-0.443645660443937,1.40213301237778,0.91680819026296,-1.24761626506831,-1.72687657013239,-0.0929733216952332,-1.88591443416809,"b"
-0.518233777870054,-0.177175376726038,0.473843542958897,-0.0416513398403287,0.354815542007039,-1.47288234093759,-1.83826840870587,"b"
0.20610706447781,-0.650604262627476,-0.395245715976962,-1.05473729314685,0.476612836070609,1.25033164472779,2.4590907182877,"h"
1.63945366573422,-1.22936440782194,0.429398543840846,-0.0981736799476373,1.10021775625502,0.386094563377629,2.89756137202871,"h"
-1.56473471393782,0.251325895442606,0.850930790894464,0.261431793779721,-0.106306317897225,1.23993402804786,1.16130295960056,"f"
0.511589917589884,-1.56321535084786,-0.170394617894636,0.91011248782954,-0.611373095775663,-0.513229268911454,-1.11725381228944,"c"
-1.53966137279491,0.813079991316002,-0.000791403810385179,1.70788033975074,-0.98399649860836,-0.0841872299417297,-2.77570511492132,"a"
0.362795564275123,-0.110848677622841,0.86064149545925,-0.116850067907411,0.309809348835585,-1.09961919063294,-1.77754176700025,"b"
0.770735944265096,-0.761172060784975,0.640342380194499,1.67862223858446,-0.933728182023134,-0.554172486137986,-1.24938565593755,"c"
-1.28898622420538,0.82951258185474,0.106876289575188,1.01476604134277,1.07371085606391,-0.881550793105391,-2.16097892491536,"b"
-0.713194370198141,-1.05517196371276,-1.46047776438443,0.142581270671522,0.517005552246958,1.26032705856595,0.583852007369511,"f"
-0.102383385977909,0.222967962712195,0.455171375303918,0.0254460682479195,-0.689537468724241,-1.68774064085346,-1.05762974289787,"c"
-0.647611749548105,2.44119503760565,1.27208468414637,-0.678451735811827,-1.26797467268704,-1.00711697787787,-3.24207334586944,"a"
-0.37325383559398,2.00064170020745,-1.91518758061341,-0.372064236668372,0.431695809190649,0.466802912620828,1.45253321115556,"g"
0.0833472129739013,-0.754805825118293,0.235589094592561,1.21136061258997,1.0439573663168,-0.453732478642789,-0.299753709650229,"d"
0.917216273039083,-1.30323896118901,1.05591430965518,-0.251076579947667,1.28146334116684,0.615804886972784,3.46206794008483,"h"
-0.258953301748398,0.246026158190903,0.431677243838534,-0.541457260814253,-0.319465003173399,-0.464610069199721,-1.60446140541599,"b"
0.677025733467509,0.548893707220631,-1.74594321190301,-0.0933376025218634,0.407996264930191,0.77311832800469,1.06854282279136,"f"
-0.420100735332531,0.48641428863714,2.63457547625422,-0.541383992802027,-0.73434393618384,1.22806917737199,2.02337685644104,"g"
1.0472054245689,-0.857244462805136,-0.0308035713734285,0.0715328980794091,-0.281423022679088,1.56900017421524,3.62509648285726,"h"
-1.54657634804738,-0.208889627166047,-2.2561887638836,-1.82262195108868,-0.147006461130891,0.236422060996901,-0.731784767403679,"d"
-1.04600568077058,-0.0218283512542912,1.8368225390405,1.09916976064097,0.189704760290477,-0.194554173395345,-1.0353131363519,"c"
-2.27266975654776,0.371728862153806,0.498535566055574,0.755876837645345,0.652484887359769,-1.12964922219817,-2.6150705340202,"a"
-0.316651938235747,-2.30061487540691,0.156246846725443,-0.384879610532164,-0.100720603494054,-1.53053641704598,-1.94457542102026,"b"
-1.47619064485585,-0.686391490166701,0.556501690529944,1.01679021963469,0.859516731168219,0.0494705874985535,-0.469810737685265,"d"
-0.100387826792109,0.823954711674051,0.687106977505273,-0.523622537909058,-1.62651082728728,0.372637376506831,-0.294353934920015,"d"
-0.746222611317214,0.671560953132594,-3.30418222965846,0.0274538191505645,0.538766088445768,1.18842246227602,1.44013129466237,"g"
0.203645882782819,-0.136811085495824,0.87832996306845,0.579848514789102,1.80184512950573,1.975271352695,3.56771415685405,"h"
0.497450361287193,-0.32485541892717,1.46117568640642,1.33528304013791,-0.232172224168639,-0.59956140319496,-1.11711913713108,"c"
-1.01428664440163,1.16536441998674,-0.109406680769873,0.358625132320805,0.757929239709969,0.201069867368088,0.0763842254306741,"e"
1.14576034685668,-0.903741439719035,1.32560637909846,1.55262012631975,0.5522790852795,-1.14762033484447,-1.04572723824524,"c"
-0.214418765183833,0.985612114613715,1.14068057374062,1.56769961353684,-0.863950067373533,0.431092717334311,0.0657309131112627,"e"
1.67489934271422,-0.126323527042029,-0.930364214607518,0.798579741123086,-0.347631044292987,-0.734417158012817,-0.695146534621587,"d"
0.116360147649637,-1.4439671728087,-0.194623338190187,2.60505344182945,-1.17972176558949,0.643590286388829,0.631028515532265,"f"
1.42656558743984,0.0321540769920848,0.924007269280246,0.71011684884141,-2.38311597797392,0.665469208278201,0.445922417355426,"e"
-0.239667329547053,-2.11771644687628,-0.283771358829765,0.152928293405996,-0.0451586926720177,0.085219813027728,-0.199715996424793,"d"
-1.10547391526738,1.6658169282788,0.64381884316628,-0.105248070213007,-0.205642251326608,2.39057176302157,3.0838055158615,"h"
0.322897728650496,0.575671054601998,1.2049299753461,0.449679221553485,-0.618978602238927,0.912621163725589,2.57200135281839,"h"
0.0217468001962745,-0.0022359609064078,-0.98643347716364,0.499605215706777,-2.15980204872226,-1.9117168744064,-3.75359182822589,"a"
0.317624820082768,-0.722014991803293,1.3629994009138,-0.18600815363353,1.16117441560646,0.120069456581139,1.63748724814852,"g"
-0.969700843070429,0.448672360660182,-0.637136638994287,1.24476382362433,-0.961092572137717,-0.806824879727673,-1.94554969317564,"b"
1.43446771562089,0.0517362395551189,-1.25270514453429,-2.63185225328273,-0.597874980533373,0.826179569471705,1.744657227495,"g"
-0.988804847381613,-1.25364945365779,-0.575137730407743,-2.77102641548662,-2.02034424453,0.292909812950295,-1.36164119021828,"c"
0.396349597583285,0.558374959439296,-1.67630081736406,-1.01858378050568,-0.499984667691246,-2.1410122400562,-2.7966771668287,"a"
0.52005741580715,0.298702402365102,0.262812018174914,0.674063621868569,2.33199706133023,0.338841396569939,2.63043885710261,"h"
0.716472580162364,-0.415528828339873,-1.42088329289402,1.1291481917425,-0.266701560547892,1.37318796905272,1.91858078179487,"g"
-0.0611158054648857,-1.62537446859734,0.773846716134764,-0.662090987304853,-0.692465803473532,0.105553384809997,-0.387608760552467,"d"
2.27437657793315,0.299647474506586,-0.630191397952355,-0.300809520202562,0.651005301445953,-1.39652719734032,-0.900757445473852,"c"
-0.897637203225654,-0.146007947951048,-2.52322296805175,0.311278591932511,1.19837476169593,1.72483414473371,4.46987044629331,"h"
0.618037813102628,0.330470436229824,1.04567612365357,-0.445864887387015,0.378727747814013,-0.689831657799669,-0.797689873869104,"c"
0.0775635194669016,-0.344358479185555,0.751340232986532,-0.53930172921519,-0.0673756403523034,-0.997053528721725,-2.13308392010966,"b"
0.713500680632009,0.891762344470408,0.79816085344935,-0.568140193710472,0.560400477952843,1.46303028982286,4.35876755097464,"h"
0.526209824941786,-0.136294335192164,-1.5676418337257,0.98709926746033,1.9959845319992,-0.982779269047376,-0.466978102870731,"d"
-0.470555734303697,0.281191185416292,-1.14747686359883,-2.0407828428228,-0.0760890981548375,-0.927281619915763,-2.39277678726495,"a"
0.608828550497978,-0.11081246037218,0.435586721992441,-0.106364577184381,0.808055115230534,-0.915641451153834,-0.942489056091172,"c"
0.773244762876858,-0.0362474317279106,1.05320041909044,1.72622018174227,-0.516319465782642,-1.2217019621032,-2.40354537537202,"a"
-0.819748201506753,0.0249772160361011,0.963506604803491,0.417774022069317,0.0514561797495002,-1.17034739164284,-2.77713892968108,"a"
-0.128422743475328,0.131053563713507,0.693930937892694,-0.296177400475571,0.208672894573851,0.2859509660336,0.324189524146968,"e"
-0.365022795717643,2.59552392230517,-0.230070951556104,1.0235028855534,-0.72213038534029,-0.517242533924852,-1.85574232420699,"b"
-0.0747894185888563,0.419283992330447,-0.935558609496422,-0.169717026392025,1.81289258458382,0.652751302675709,3.23959916996317,"h"
-1.09698788092095,-0.281698421267492,-0.902620377813639,-0.873829353402249,-2.61479697990631,-2.22639961156464,-0.810593114029583,"c"
0.966713334022883,0.544863113803494,-0.0308600939960695,0.239369868236991,1.50542190508849,-1.1235966136127,-0.648995772632505,"d"
0.939926947420962,0.868230689454871,-0.868678224552265,-0.0245883253550376,-0.273403567793262,0.823502647637892,1.63220771774418,"g"
-1.60017549512141,-0.206675268475922,2.18778750409448,0.858574529862137,-0.50129630730251,0.741109307073058,-0.239925123646473,"d"
0.208536585529216,0.0749473203483637,1.53853015454669,1.30347613583793,-0.377441559435201,0.763053603975122,0.65696299672976,"f"
1.12126034776792,-2.25090132981159,-1.88207267091102,-0.388671874335478,0.35323407980484,-0.721849180916333,-0.598863689362828,"d"
-0.6519953978598,1.50096115984319,0.915875004523463,-0.0254233874277314,0.563154652046061,0.539293364012528,0.746457174344591,"f"
-1.0901352690047,-0.482768942915192,-0.401740014011324,0.244748962924038,1.68655733783329,-0.919289841423684,-1.4341370352005,"b"
-0.71218207971948,0.605210638611613,-1.25687400024314,1.99774156199523,-0.566624260612024,-0.879117620897838,-3.29510173036722,"a"
-1.36265666845286,0.800685483308754,1.18439686917308,-0.292770592997962,-0.405011981826007,-0.808934095979003,-3.67035861193361,"a"
-0.500690392649499,0.318362191108236,1.0085724636093,1.03053761445465,-0.521065770465797,0.28493467616208,0.0709061627861526,"e"
1.43847286026729,0.103472107474148,-1.06615211560404,-0.777456082757849,1.41054629112842,1.61245634047241,2.55861579529695,"h"
-0.511637694887644,-0.657636600013729,-1.08021399772929,0.536711135645065,0.570895437933453,-1.37700141943273,-2.44383327171144,"a"
-0.00196770105237943,0.033874700916736,-1.52659037052848,-1.03579145845724,1.05449968173751,-1.15491000225328,-1.92830355167282,"b"
1.78313449640182,-0.649756559480078,-1.37040042613396,-1.18413155507308,0.66698602267927,-1.75572848224371,-1.79131899754314,"b"
1.03138097867441,0.911239650108209,-1.29356943307431,1.49607176132457,0.400955964800547,1.897817692487,4.9041720438781,"h"
-0.58070468848162,-0.0472729212599522,-2.96102971318168,0.694575008989845,-0.922950718652638,-0.30241478719943,-2.05067283494483,"b"
-1.59308498257565,-1.17851501264431,1.12559568296352,-0.876648196591808,0.70914829954715,-0.74871118330025,-2.40730842072703,"a"
-0.489042542071064,2.24266096706446,0.00402753762135166,-1.33946667570814,-0.0253539680777331,-1.55368869005942,-2.86331802508752,"a"
-0.752700132607535,1.46748560663221,0.162671154085277,1.64791288208396,0.798879578061648,0.000239410700036399,0.0999922755047434,"e"
0.665378802851382,0.552061734728731,-1.48392236988344,1.37148122213796,-1.86034371284443,-0.105784122741285,-1.13301031752119,"c"
0.735663888905057,0.359622515020653,1.16486031835451,-1.06974568771978,0.695691882987765,-1.12275891058821,-1.14240237806616,"c"
0.730799344201367,1.83752166875346,-1.27241930040389,0.716576522137344,-2.34254848343108,-1.42797575899861,-3.57280709090803,"a"
-0.528728468218683,0.883273303937777,-1.11377866574745,-0.995289844576552,0.784660371443782,-0.751023630067538,-1.43811777652943,"b"
-1.21231512232897,-1.71320146229199,-1.30693704476234,-0.709127173483674,0.868458710693902,0.120526241673029,0.0317565552553773,"e"
-0.619899029123286,0.293728599795049,-0.174208230269174,-0.139500193167093,0.655082328713756,0.0398229020023284,-0.0357744222615722,"e"
0.780897500677539,1.33080753536742,-0.683251523311248,-0.835633558715845,-0.495522684512331,0.0877748258827021,0.261007913289766,"e"
0.0962297072113606,0.00102549635857664,-0.621568285955633,0.471752611848998,-1.48162429863826,0.198547543640364,-0.587726511978455,"d"
-1.56135026465954,0.944012124286136,-0.155163232011406,-2.69476851069502,0.39433271105154,0.262321039921218,-0.391185223325403,"d"
0.698374218608036,-0.163110155233653,-1.08649358281483,0.0348125365516432,0.0109983132838814,-1.25795300792616,-2.64062976239121,"a"
0.0381957546785686,0.0209363339162525,0.550222006744458,0.362560413024953,1.68863400990825,2.01132460494751,4.92660995446674,"h"
0.234660660679443,0.551059233309618,1.3947806778725,-0.332326497221533,0.465773698194857,-0.0756168462185847,0.782851143003636,"f"
1.02132847450878,0.754814725822236,-1.58831925794736,0.343610367019528,1.48538161179364,-2.10454402237677,-2.39503301256608,"a"
1.4751235702062,-1.01790464611339,2.0675835288829,0.27365671035378,-0.453198604192144,0.470418008112226,1.29036195169025,"f"
-0.048398385012364,-0.320525549598717,-1.69711304691349,0.29355519290493,0.939244092068646,-0.385114699895409,-0.230335415240077,"d"
-0.594672261901967,-0.457239569974074,0.860507631223654,-1.00160318751372,0.369073879520381,-1.77035015627268,-1.7447790426114,"b"
-0.474006085691236,-2.16867568816087,-0.37964348874923,-1.11856813788698,-0.694867320154611,-0.161456423126205,-0.896311131948429,"c"
-0.326361282833154,0.0664096502419072,1.84763010680733,-1.53570924329382,-0.533487831947836,-1.20064205262569,-1.71811862723265,"b"
-1.18566167530644,1.51311496698121,1.03765617906448,-1.30346290609731,-1.18985934988937,0.242682920492367,-1.23390863883171,"c"
-0.977288119210701,0.242563642843314,-1.46957476816647,-0.437998449444234,0.798499817758275,0.647912786205212,1.44478966550326,"g"
-0.68267743490908,0.196097401093392,-2.77694820998229,1.94010248313386,-0.722950505836325,-0.867879087864692,-2.56233979762902,"a"
-0.0325276894640308,-0.656023780824644,-0.0769797878192735,0.339760884310364,0.25756240575542,-1.09613398721364,-2.03706912913022,"b"
1.48148112168084,-0.478355050265261,-0.954492072096389,-0.203657727067747,-0.58952226316495,0.457919747014604,2.88475396175199,"h"
0.0282546002572141,0.56887874418829,0.708679419627935,-1.22498518272703,0.631443307744368,1.028985979229,3.25080821038365,"h"
-0.68804591463731,-2.10262680977821,1.77708680823681,1.74634057844972,-1.17472543133608,0.712057622726977,-0.127878076806764,"d"
-0.894731111682287,-0.00330149566017553,0.866314307859269,0.482781860199969,-0.58369939241663,-0.360527251500045,-1.81978133279117,"b"
-0.533170591094797,0.416918014717724,0.153005817195096,0.223189693479533,-0.0979016630777362,-0.983270936074931,-2.80681888078711,"a"
0.583858371263227,0.47386759941721,-0.0463890794083376,-0.947243824751326,-1.2077478018074,-0.610424668190263,-1.88781108332347,"b"
-1.2628599949792,-0.0629251187899105,-1.67284741475686,0.0394356455877778,1.54849216287941,-0.275135335329788,-0.483667405589058,"d"
0.893197097919264,-1.63621934885204,-1.08989061187356,0.591092492399975,2.51840061193928,0.180765523288992,2.46670936082351,"h"
-0.897183505300811,1.16822965229009,-0.0761757047255491,0.902114719731783,1.61074833782114,0.294764168095855,0.897402015340098,"f"
0.554612733108401,-0.408686194537977,-1.30583171584447,0.358692081168668,0.0986938676850952,0.778072466043891,1.31085548493439,"f"
-1.16400329034184,-0.0941170585658372,-0.0623845628074919,0.617214774602093,-0.39904577886886,0.468523110133975,-0.092750837482671,"d"
0.0186566700083856,0.467589308566486,0.342371568485031,-0.00030150993569678,-0.391992859181605,0.589643752768017,1.23657206356688,"f"
0.328821200911773,-0.828195377449061,-0.548930614976284,1.11601983090591,1.10854945614493,-0.908280213944199,-1.02489565941795,"c"
-0.294946313755271,0.396813229289149,0.915061326654601,-0.132456323856726,-0.227101504640979,-0.783326716213566,-2.06596888998475,"b"
0.641599903853165,0.244475508775032,-0.08760390351611,0.88813438815081,-2.3929924591282,0.495802502900724,-0.0592054005629867,"e"
0.926677808353064,0.62743758603401,-0.0255794707097531,-0.0550463001267107,0.134979359843579,-0.972895761466813,-1.28463032497059,"c"
1.77212400261789,-0.805206471995544,-1.25435740631767,-1.14471715747362,-2.01975858231838,0.466297543312032,0.732759331903022,"f"
1.66209267577358,-1.93205307048049,1.88012482276681,0.0310866508201624,0.255904356226217,-0.128732033240978,1.31524440361132,"f"
0.0279289051289321,0.717082010860162,-0.140949368555954,-1.52231049488299,0.390446386379919,-0.716269172867562,-1.46909402033368,"b"
1.6154951093109,1.79248655935296,-0.106691137390961,-0.530314429548199,-0.831134051759778,-0.603758885759174,-0.771087864679194,"c"
-1.34752241312874,1.1231948654725,0.724555090434326,0.0102627587989443,0.519555300491861,0.200244290387816,-0.0997914306689179,"d"
0.193626827844679,1.60994768398828,0.428818083482035,-1.58592694393673,-0.845521694131079,-0.734761454576238,-2.22733823156376,"a"
0.421505298838362,1.73279949606474,-1.58021575112445,1.15001515980823,-0.918199025719806,0.402265153210913,1.23564122797022,"f"
-0.5001331957611,1.2757037166617,0.774755814370685,-0.145411006790202,-0.630767903813264,-0.589853269990712,-1.99875328461751,"b"
-1.59442601003052,0.424007988345347,-1.16429212449094,1.61724619901835,0.778435293482574,-0.702183732012139,-2.09659875640023,"b"
1.41707608567894,-0.137778131240808,0.00885430330505321,0.135390015759845,-1.11433498960422,-0.128677364975429,-0.0125839216609976,"e"
1.05056411425849,-0.597937323617994,-0.455078001725369,0.440550012416485,0.177480681330124,1.22698840140433,1.65181125165967,"g"
-0.584431907615298,-0.72207327233274,-1.00269004767855,0.638182647029587,0.549157248044343,0.354513909318458,0.751547319315097,"f"
-0.526714874906698,0.0727624828089132,0.428069571814127,-1.08707192144444,-0.527501598200336,-0.154555516904069,-1.34152153672596,"c"
-0.122240718550261,1.47336251149016,0.202562301576,0.324650337161645,-1.64940046883173,1.36699881973559,1.75348185546873,"g"
-0.586328283520712,-0.316206076734376,0.181583275368124,-2.02073387640339,0.534378907831853,-0.176029469642597,-0.506504533095834,"d"
-0.247866875376759,-1.41472140823088,0.565693867553471,-1.58030932868188,-1.92317091436724,-0.519354839805663,-1.76787447107524,"b"
0.801257151142685,-1.98617903967277,-0.277656979892369,-0.200449431994673,-0.0287021247661687,-1.08470825999995,-1.22264660399914,"c"
2.52510876766989,0.705734028187589,-1.36424848132018,-1.13113805994296,-0.768625263521086,-0.0833677590459158,1.13252408969497,"f"
0.270033039053152,-0.7904276306347,1.29920724951118,-0.786805306987869,1.12438889530683,-1.33158502097693,-2.18848205318763,"a"
-0.886357031025449,0.75848015772335,-1.99284655743902,1.76282434844653,-0.363958816325678,0.534095994440251,0.354931279152006,"e"
-0.769523847813463,2.07837562133388,-0.103716087221293,-0.316149358477342,0.738095453000548,0.94557561697444,1.13313903566333,"f"
0.45405702080868,1.91913489962259,0.299766257280364,0.669813830424503,0.316924044770943,-1.89282038942784,-3.34070252203146,"a"
-0.706657247051797,0.0755298224956117,-0.403000409464313,1.85595227526033,0.0179800406791402,0.883154083119999,0.924809726363014,"f"
-0.949395462825432,0.267751527155703,0.338490957217438,-0.436650654288853,2.90208409776775,-0.450534796844448,0.589063974398472,"f"
-1.06640059868182,0.436290736278418,-1.47842703940263,1.68348793080626,1.09950357733613,0.251808930950989,0.720779807606072,"f"
-0.88645118890944,1.2097487813257,-0.0465149259008556,-0.228291213073753,-0.263530970298595,-0.221380223164656,-1.04629488261413,"c"
0.668592304807386,-1.25305556117924,0.0316881859523706,0.834798318402469,0.822780331847312,-0.854449881246157,-0.766703151966915,"c"
-2.06756433343119,1.76502863025662,0.281532607202238,-0.627375856739072,1.04418690010006,0.0842486562418473,-0.556934559283023,"d"
1.69414640800005,-0.159322027178933,0.803195253659658,-0.122899686550002,0.644812580438076,0.492444216830475,3.77249331665718,"h"
-0.189770359696562,0.898874216556181,-0.208858348804974,0.6354314555978,-1.702855868751,0.359510743963703,-0.575658015210162,"d"
0.422166993731684,-0.704995332122963,-0.336728176186003,1.09852053107162,0.384461901567447,-0.983331808049092,-1.43654027227511,"b"
-0.663115731100616,1.12689657022649,-0.456309751657851,-0.241456009404198,0.153383918094149,0.0387609011722264,-0.175466486792002,"d"
-0.662765455384348,-1.9743222139141,1.02426030973662,-2.05220526553775,0.74414598431206,0.0626616907119804,0.263354720118741,"e"
0.113292208595483,-1.2447728300534,1.45739515068689,-0.838574901352425,0.335467042701289,-1.23798322816545,-1.76092833519814,"b"
0.942951075013527,1.03125038788401,-0.224930587402909,-0.861285225606452,1.73001008800989,-0.448999865846371,1.67687172296801,"g"
-1.21587333090452,0.579097049820332,0.290068509770994,0.158706115345031,1.14218400518192,-0.908608431716569,-1.54877166439515,"b"
-0.0472627424244915,-1.03789000997567,0.259276543724713,0.141515025590557,-0.0524814725050945,-1.29185658579134,-2.61092265859895,"a"
-0.192044959455453,1.56162232480223,0.00989229977115217,0.549197483719987,-0.406988289013113,0.923831617354245,1.71568325968097,"g"
0.632148566869638,0.101959621926447,-0.184673925364377,-1.25469101361048,-0.826879700678288,0.741200791581313,0.555727215889229,"f"
-0.151904953137944,2.32423830156847,1.65424658470954,0.652878002686093,-0.619736007040861,0.152810732751407,-0.0402794242220246,"e"
0.0152003749318821,2.32585154958695,0.43685435583848,-0.170801377404294,-1.24130991928068,0.326920857391125,-0.0989952707937073,"d"
0.888718179083649,-1.29314995645981,0.847316111848294,-1.71282286944846,0.582731814916518,-0.483264051944613,0.147435555324514,"e"
0.0103349536765331,-0.0450188549038399,0.996282300204574,-0.0915189662981121,1.16100149326984,-0.27376285991611,0.0217485909395796,"e"
0.34493231986531,0.195694234059651,1.06745244229,-0.939603574795454,-0.426065756786959,0.367651583510742,0.710934354021091,"f"
-0.913178421811757,0.480623394778268,-0.0533425784547679,0.831902588033373,0.0532808229618619,-0.786187054012955,-1.74374415302187,"b"
-0.924398104941981,2.01734246446098,0.992926225103703,0.35367663435783,0.929404337919083,-1.1847536301361,-2.89504030474517,"a"
-0.372077190209754,1.19560865056279,-0.499352684812225,0.812080471831627,-0.66418228055918,1.08526789216502,1.88326352465856,"g"
-0.297797852207513,0.656575520124844,-1.11639332919544,-0.0505360115587127,-0.837122102013253,-0.228231062797203,-1.45920020900806,"b"
1.57449189043048,1.026297845963,-0.974516764513288,1.87464215234106,-0.305660647116557,-0.990105400865277,-1.22810046391477,"c"
-1.98066168978247,0.52019265911373,2.78740353995107,1.51944239947384,0.0617708428249547,-2.1257329535197,-1.73333039984895,"b"
