-1.13703073315686,1.14362354273201,0.851309252298655,1.20978353992208,-0.914489437758764,-0.16307137815283,-1.13835530179133,"b"
-0.279719757858157,-1.38171362350493,0.429908280162106,0.140372441562684,-1.28102497030107,-1.21518874951155,-2.45432502527025,"a"
-0.894129050514566,-0.844069552452631,-1.05527773754496,-0.87582787395739,-0.893500139647634,0.403309545667401,2.49731899691902,"f"
0.136701846315362,-1.83658347890344,-0.0458809708659677,0.962364735079645,-0.293010345384765,-0.819966960199747,-0.402649264484159,"c"
-0.749165418224281,1.04417083066223,-0.131881383939884,1.19026769254499,-0.051462394440519,0.437954805651423,0.0953051612869112,"c"
0.518199076719029,0.215210106611191,-0.319463557684418,0.19197781760909,0.0269002955122376,0.113748589938799,0.490908845973507,"d"
-0.192337214277693,0.8003496135578,0.473606163381223,-1.82760053091123,-0.589411584847102,0.801003064629854,1.77693140698042,"f"
0.0288098118017779,0.71493303148825,0.812516098940153,-0.840076819858069,0.90559239420656,-0.683268164602213,0.563274854360451,"d"
0.358590885654252,-0.317171209073718,0.256612328192824,1.62339398969575,-0.108633857295457,-1.82753660373077,-2.98434723745477,"a"
-0.0289950345636337,-2.25204512434565,-2.1487658353217,0.160041453874889,1.58809294118215,0.220184761167838,9.10295299603233,"h"
1.14704207210881,1.50524819659996,0.690108551104908,1.60015126931991,-0.389480150624074,0.630851776309115,6.31190280284064,"h"
0.37358893510479,-0.419147871520902,-1.77244383123678,0.114274708043919,1.15945056963218,0.595026487956963,3.40359416924061,"g"
0.323339211262006,-0.208179986928784,0.546294039300502,-1.36542454937011,1.71977526396719,0.104765369932906,1.70857046114355,"e"
-0.829819320257878,1.02500862173688,0.0189458203234989,0.438538734319338,-0.318056477456433,-0.827543903684691,-2.4415113370238,"a"
1.39446258163091,-2.10935224818507,-0.748702214661687,-0.961507272041709,0.92741742073972,-2.27042372083567,-1.5826308130363,"b"
-0.191543577119944,0.581155983423509,-0.794321035024232,1.21634888669996,-0.603250319410909,0.489853581499643,0.696506509643697,"d"
0.272277020861789,0.427476043924531,0.300784393966113,-0.780711971919375,-0.977792939510461,-1.44881240702131,-2.35570423295824,"a"
-1.08165900833133,0.309712182665353,0.0546658534804531,-0.682293209705284,0.546435463926474,-0.636372574902104,-1.86574832750551,"a"
-2.32939936136349,-0.348680801340746,0.36422910835433,-2.24342637066335,-0.293876548252428,0.614755322849756,1.73971106852939,"e"
-0.549625958557089,0.472684010890689,-1.16518669838206,0.180276393059032,-1.49463564882521,-0.11575147265472,-1.02691091533061,"b"
-0.0725799910031537,0.702742649078749,0.260555826034561,0.781506635206412,0.163321948780152,-0.352738455013459,-0.285035948865531,"c"
1.03228840373385,-1.54379749799092,-2.41711627655811,-0.957231341201948,-0.665734683307467,1.68075882269722,6.32378768344023,"h"
0.215138525775567,-1.1394194244208,1.14908501692521,0.0914070546956186,-0.116528924714161,0.207252954564277,0.705768699986442,"d"
-0.494340124560916,0.370802633944287,1.2065792472196,-0.415741978129991,0.902638481551552,-0.152653645363499,0.232457185458959,"d"
1.51213828123726,0.249291811835914,-0.431982134464831,-0.661423552335882,-1.25290070789008,-0.0220769944548426,0.263876016408909,"d"
-0.579463264196777,1.24041528408499,0.106856738802493,0.683971635084173,-0.789181691447986,0.28784128100605,0.00178048859555544,"c"
1.67478963393264,-0.371594045271841,0.486195719416946,0.892384341195714,0.854734396852759,1.86600739529294,3.82787137528887,"h"
-1.00098025852432,0.908843015568427,-1.55345832367748,-0.72690756738361,0.867764778956179,-0.281804925540413,-0.0223035631377052,"c"
1.22270283521857,0.772073384901518,-1.08314238656065,1.01574402602324,-1.11078728326431,0.233921366996429,0.953750063752593,"e"
1.07718816608021,0.366647134848184,-0.516012028113307,-0.395593431448697,0.068539236574172,-1.95516305205045,-2.25434585639417,"a"
-0.611945459529415,0.234063054321232,-0.207770979581531,2.15951106797984,-2.41642139150722,0.0570121081907885,-1.73737860271925,"a"
0.506866968315899,-0.824637494265706,0.907281411177703,2.21558157798751,0.569529155009528,-0.397820291539908,-0.118920178311201,"c"
0.460068373122048,0.793613760484079,0.811425127176751,-0.255717069412801,1.0436872898718,-0.0560053415259022,2.80239682562473,"g"
1.48439186145824,0.815375575896498,-0.991193254068695,0.30229170044268,-0.396608818691288,-0.763457905885542,0.0269722895268912,"c"
0.881963226001538,-0.640412558780727,-0.454306957902028,-0.665805050360442,0.306281590639473,0.248238085024756,1.26081783460683,"e"
-0.536702239350799,0.154668564488804,-0.315728538003304,-0.696061206992992,0.733163464113426,0.989987122655334,2.23134462806644,"f"
1.28555370650982,-1.31906210359138,-1.00633308302704,0.683341933653285,-0.527556618264395,1.72644566927145,3.18809091402403,"g"
0.587848532601062,-0.559444239091125,-1.01659465962907,-0.589274870291514,-1.06268801993936,-1.31536164241078,-2.38602960184066,"a"
-1.3084820255181,-1.27868371258042,2.02996478178332,-0.0740935494813094,0.195591824734777,-0.0822441551406734,-0.852935666284223,"b"
0.31672632486603,-0.161854634582196,-0.687638434312969,-1.1122710265467,-0.574171975828784,-0.774060917742129,-2.04344612112453,"a"
1.19415830347984,-1.2126980548112,-1.58790685404547,-0.59106225129825,0.292935602246969,-1.37998188681918,-1.09621514418405,"b"
0.913057147794476,1.37134562189084,1.01693810175891,0.856944609583339,-1.55875290821084,0.890786734924257,5.95717103009453,"h"
-0.786752992705507,0.0826277040411147,-0.72310218641429,0.508893389827097,0.185122049139405,0.500059198157779,1.23487922330837,"e"
-0.410929699663992,-1.26585377251447,-1.45348504040423,0.397103898116311,-0.816954879125979,0.548848179472443,4.1591889084454,"h"
0.476373681841621,1.17427579459181,-2.14081548230012,0.386757251383347,-0.387432546267886,-0.570848098987256,-0.996018452892001,"b"
0.185915867534383,0.695991674917102,0.134854426790175,0.370136184555584,-0.533166833947379,-0.199637650809977,-0.354068659289039,"c"
-1.32471625297564,0.800070376337091,0.661997775965223,1.03672309792946,-1.07037895890088,-0.744648236425023,-2.99701315551706,"a"
1.1723710551257,-1.00219689148864,0.494613170493973,2.35876505804855,-0.0994774055577381,-0.103861218808617,0.538310299115553,"d"
0.231492772219631,-0.677115666768685,-1.52664365450864,-0.913602075176296,0.0370684483253632,0.15917207199537,2.41507126089985,"f"
0.483071904071401,0.720963598923212,-0.11021600485126,1.27559942292639,2.47387446670183,-0.439637586739018,1.74243243202024,"f"
-0.535319580195502,0.960168143951714,2.46874128167893,-1.43909009189271,-0.925290355199094,0.332162561732558,3.35772203753219,"g"
1.3781358189729,-0.145665666630719,-0.563543433745551,0.0381422070248671,-0.29366823424827,0.796055958317243,2.54573265518464,"f"
-1.30267167113352,1.50525554044532,-1.44585342188336,-0.503572194905482,-0.0559302893484232,0.637928168071625,0.84959992391236,"d"
0.634857535293449,0.678180405784179,-0.476555776240116,-1.71317744515359,-0.376163330361686,-0.228856369992784,-0.35728087704948,"c"
0.999655161250627,-0.265552196282949,1.01460046765054,0.752451630582868,-1.06485918941925,-2.40671158603529,-1.6999635598428,"a"
-0.337748952825625,-0.458132536929213,-0.118020034410594,-0.883402109357694,1.39569734205166,-0.369171007469629,-0.120100303101776,"c"
-0.0860336069537418,1.73843153256063,-0.354321843782305,0.136518778640927,-1.60329913422162,-0.0872685210022104,-0.731295776399329,"b"
-1.71881758354145,-0.013105948669963,0.287255842909588,0.426281884773129,0.694728589601571,2.49527694708343,3.76068324628108,"h"
-0.929121572368633,-0.79435335420529,0.0180126159473457,-0.925139750538318,1.06773903808777,-0.259208684917927,0.915492083268413,"d"
0.813676046496074,0.255333392768561,-0.898423976038187,-0.969095736406119,0.175157672362403,0.155480103545114,1.03493822676165,"e"
0.526413545651465,-0.878777647769215,1.44473649237964,-0.226582778365045,-1.39947335962893,-1.09250935055123,-1.90268528303465,"a"
1.01195739030661,-0.50238401371293,-0.537799145908946,-0.97822396360122,0.233129972883823,-0.400292336522677,-0.019268091294776,"c"
0.831379809344321,0.918235108465882,-0.482359997633828,-0.533354127949859,-0.746308720799597,-0.371673090317546,0.210128727658759,"d"
0.415134144744291,-0.415556109920424,-0.735619613236645,0.866392933630307,0.483786792505838,0.0801219901276641,0.904844622761739,"d"
-0.66125706086145,-0.497454127064955,-0.0152352559886113,-0.493380941449356,-0.812526347832162,-0.365805734558419,-1.43184473899546,"b"
0.548811286280226,0.122983973884047,-0.285060837508341,-1.22861583874441,0.387072500278922,-0.0694098035423296,0.547454495512145,"d"
-0.539367799635052,-0.994093841438261,-0.770895993691331,1.28456315006191,0.405216314658724,0.407918241721036,2.81247919579572,"g"
-0.171318426370245,0.485937859209826,-1.91152294410606,1.2117801721695,-0.744958778624274,-0.344381645712526,-0.409289690742218,"c"
-0.766734605198929,-0.55104175760433,0.177899655381446,0.0178670750206468,-0.170045937205052,0.0138638329167356,0.0898830782535868,"c"
-0.606574845573439,0.166600821836776,0.19632068530606,1.70024777597872,1.09048064566044,0.209304300135346,0.975122458372126,"e"
1.64731282099364,0.0955649190024174,0.0500441552699331,1.34411535292142,1.29207019377305,-1.45928145630982,0.104167255984042,"c"
0.841069348078559,0.937361736935655,-1.04527443809551,0.247249502790225,-2.22489886439781,-0.10297629648858,-1.17855181789443,"b"
0.338175097207606,-0.778592243852721,-0.136682385622062,-0.095850994528585,-0.26369191035161,2.03594537765115,2.96016580519671,"g"
-0.404883075787816,-0.346014963380275,1.22750060876977,-0.105894770827091,0.289766577048161,-1.86795826503837,-3.31319515647273,"a"
0.900009039144374,0.145927946897189,-0.193865193292591,-1.26115471355821,-0.0882703076852668,0.130585576326673,0.904308019164953,"d"
1.19066665524107,-0.679378276760224,-1.99307110473024,-1.76021039942445,0.383144261995367,2.10626718636993,3.54006750082047,"h"
-0.0475390834842374,-0.613698253154045,-0.429905669826711,1.79143081229428,1.68574620773589,0.599166440095591,2.63133224087754,"g"
0.786925424773328,2.20293514706544,-0.651916324965843,-0.801034578390415,-1.37907090372826,-1.65635606838061,-0.798318525833168,"b"
1.16668411202771,-0.328772531381753,-1.32275531612141,-0.557933180454261,-1.71779092835928,-0.0843308000075618,-0.407792802762609,"c"
-0.271823871307482,1.75177685018442,-0.611002355598769,0.756117488736592,-0.794845685558396,-1.66375542064905,-2.95989371688367,"a"
-0.313704284954103,-0.971651737411816,-0.433484772458228,-0.0656542801451171,-0.440556124725317,0.484095728323922,1.65023938042883,"e"
-0.2863001501726,-1.68954689438137,0.221131620076201,1.40382510090785,0.357106734314553,0.0604779243747539,1.55114266016571,"e"
-0.803440262847954,-1.4813861777678,0.414635297232439,0.806123108533463,2.15355199784996,-0.80694828947695,0.755323142823736,"d"
-0.0945554552970036,2.42689478320354,1.00351963205997,-0.125334438190433,-0.203053460345823,-1.23215109150987,2.1084900427469,"f"
-0.0740465061622286,-0.228460019645196,-2.62604223699888,-0.564422544042324,0.642109602492235,-0.796460718793624,2.40914371226975,"f"
0.714490683389889,1.11328352125692,-0.873534926168749,0.940777992451361,0.594546501162637,-0.602971740659982,-0.1415850977499,"c"
0.124718365779642,-0.437063851860885,-0.77371083281291,1.26980894579463,0.659101703235027,1.41069008115506,3.42995327884689,"g"
1.29659433857494,1.26488460973276,0.593058550246833,1.26503849030459,-0.0651425063047375,0.558051280850243,6.1223546019554,"h"
-1.11449292603787,1.43659773149064,0.453563340595497,0.699530401816429,-0.133431208003839,0.20228075857578,0.141172213606643,"c"
-0.842058812514485,-0.918664322486908,-0.489626711423499,-0.478932287375266,-0.526209386430515,0.53728922164113,1.79620231547149,"f"
-1.50429420861633,-1.91460251216154,-0.666085502344752,-1.31420274104464,0.449660629193353,1.05585627556585,8.19976670096692,"h"
-0.284026455154139,0.11496953144604,-1.08965422842811,-0.90364581853524,1.11425119525167,1.53167826948265,3.51197271435837,"g"
0.0428690406237868,1.51034812132973,-1.04090695215394,-0.68267776864393,-0.477910455610967,-0.389355650436842,-1.15488612599038,"b"
-0.00886641330998411,-0.00905261272358791,0.50160667973279,0.374599658286968,0.301853354792011,0.0256722469079448,0.0885485056870079,"c"
-2.94908378424355,-0.135856744079846,0.0413537645999099,0.809784421577438,0.855498171886007,-0.617493407027613,1.10175580120062,"e"
0.0203582541757563,-0.336250668461545,-0.0530816807847529,-1.02731189411778,-1.23255356799056,1.91103514935571,2.71403212166919,"g"
-0.0984469797334752,0.357796527014683,-1.52739908141524,0.271204715930472,-0.271617157241953,1.05219373983479,2.35105673395979,"f"
0.589109097777319,0.340498580471613,-0.163568520086347,0.372163385608007,1.78301115434191,-0.574463304398428,0.791575819946436,"d"
-0.42575162881646,3.09723070428394,-2.13509491820036,-1.47380351426055,0.538136975908544,0.104668504334995,0.367136607415309,"d"
0.634658985040875,0.677352741282116,-0.136833591099842,-1.42279914920624,0.778175467996108,0.930385664662509,3.42893626162676,"g"
-0.578524902256583,0.385994964404571,-2.90422064034481,0.685714750744816,-1.54182638998053,1.74865144925498,5.80646448291444,"h"
-0.169109047949907,-0.838842631531819,0.337012644943992,-1.57419018140981,0.773002879647776,0.130693955547255,1.05178654026833,"e"
-1.91923252019526,-0.530027589983078,0.764510656059715,-1.0392026372083,0.487531964170448,1.18237586198382,2.70721817383815,"g"
-1.53426638674939,-2.2931820838779,-0.669378190137064,1.06289269218772,0.178393459860717,-0.86238743411165,5.62709750567677,"h"
-1.11476122095141,1.85526364226492,-0.160968872102843,-1.27938089138701,-0.923606426555371,1.01485845894844,0.640352474289451,"d"
1.59781163531544,-0.624714964141415,1.50726102857054,-1.7652599601504,-0.253597461548289,-0.868998003904196,1.52147483475127,"e"
-0.639805077715493,0.175872581693118,-0.121693844272483,-2.3946849434076,0.638103992699692,0.923580983568009,2.18941656775479,"f"
1.56669055263118,-1.36578885275776,-0.24341477564496,0.661851419593069,0.382320075330963,1.88750551244405,2.97786986554826,"g"
-1.4491557120774,-1.34551847364627,0.70815719447562,0.279202139369266,-1.25566234504442,-0.713347169420746,-0.868422975685069,"b"
-0.791503958679318,0.94726527082635,-0.480039667230912,-1.9757981330634,-0.650728870889551,1.29569604435328,1.99249821832647,"f"
-0.504480732951638,-0.115739670565542,-0.316551267792538,0.49650693306122,-1.49319324546419,-1.35896479275949,-2.89268641087005,"a"
0.401826700062348,-0.429404493501048,0.510471243619024,1.35303163479297,1.16033818913549,1.42836335823634,3.60645592073044,"h"
0.971396468504494,0.0796319762350201,-0.266264354087505,0.655348284801305,0.455165981411457,1.76093741713303,3.19794603055089,"g"
-0.579663020103656,1.00646399430905,0.636432097322854,0.208748369064177,0.955826031600057,0.23902275233262,1.17724165086915,"e"
1.60417978930849,1.75451874729984,-1.01395559435387,0.479304524845798,0.359364523908429,-0.605237124022452,2.27029984116887,"f"
0.225973336995941,-0.119361311437355,0.932230747001914,1.11972188914265,-0.0288230776986289,0.130718622670521,0.693099701695173,"d"
-0.51485712240527,1.64399862522167,-0.650788331771838,0.358970058853425,-1.97123496369223,0.978370609639213,0.608440507114844,"d"
-0.823788239638096,-1.31099776458804,0.436178179823266,1.19858348929472,-1.19557161638722,0.729370165498524,1.29656269934101,"e"
0.334415249804909,0.36270142418755,-0.164089401505701,0.563019464723172,-0.00902081782456328,1.467363226951,2.63783312872922,"g"
-0.0934907645091204,1.36966549069972,1.2686563856584,0.36036431064537,0.494183074145688,-1.24242211909355,0.578484555351448,"d"
0.304062077706544,-0.348512400187455,0.415432503991968,0.825363989621664,0.248420186251777,1.54020940011498,2.79410998325487,"g"
-0.476507533940173,-0.54547065196047,-0.0481042829064633,-0.0403925842308201,0.14962321562457,0.0913894686231487,0.380465704673359,"d"
-0.241311717113556,-0.0205196782769274,0.198292950899799,-0.60545673626803,2.05703352679656,0.516678135137373,2.3441963827598,"f"
0.824155833289477,-0.338849889027013,-0.388687305308727,-0.478648838147646,-0.39831825254422,-0.58020625406991,-0.85464916987777,"b"
-1.55564397010762,0.185592099815718,-0.452232286295263,-1.62703686620463,-1.29843151069896,-1.1343603639306,-1.56171179881223,"b"
0.0935012825265411,0.345862657229741,-0.139421426961429,1.09597335135268,-0.0491313126549517,0.129830299782745,0.228835726637079,"d"
-0.366949420850176,-0.793332374437821,-1.32519765764452,-1.13061577023159,0.781283577931895,0.674568219086375,4.19992414798639,"h"
-0.129408798855633,-0.748631611709102,0.754069518287613,0.749407597186304,2.45861406392106,-1.59954874591099,-2.29210868100188,"a"
0.407795520357622,-1.8466666437754,1.35785283035922,0.507040903260672,1.00155307123351,-2.1655836754997,-3.04676892434158,"a"
-0.583968953660501,-1.5568244154154,-1.22078486061821,0.149227767867497,-1.02036521083129,0.522144515307777,4.3351824066052,"h"
-0.19344988975292,0.00235494079316405,-0.56791866230768,0.756914893516133,-0.695242052874395,0.561122417290677,0.689713231854539,"d"
-0.269546669511982,1.47020628410839,-1.18884956940164,-0.427224529521946,-1.0636230380992,0.80367592643314,0.923963694084809,"d"
0.0736582322773222,-0.777484494835864,-1.01227588516829,-1.34783112108609,-0.455460664806437,0.402921241136247,1.6923651899036,"e"
0.357236137511372,0.7046134330648,-0.43253148631069,0.0825955851522023,-0.869726404575402,-0.0110236070649679,-0.195414641339484,"c"
0.550428418190541,0.696606397932933,0.345706391746932,1.15372811600513,-2.46704155931058,1.48532498954765,2.88737238452645,"g"
0.0384017934667953,0.931972928834241,0.190927595640556,2.58684190019743,-1.17579544763078,-1.30521431516172,-2.17499773824037,"a"
-1.60957529201226,2.61617868788335,1.28748857785099,-1.64136882467649,-0.987050068831961,-0.752753208655444,-0.58285899700563,"c"
-1.04971011473777,-1.47749227516971,-0.213504255238686,0.18557675338243,0.294136724418898,-0.544058362400047,1.1946795523624,"e"
2.0520339736577,0.074677228597999,0.593561304785513,0.808139505124001,2.37687164936795,-0.690840942817374,4.67092610967967,"h"
0.176436410843397,-0.640770174707873,-1.81579987359756,0.462741901545547,-0.645460604525261,-1.06916646125088,-0.080035312213735,"c"
1.12830735810795,0.114925465034323,-0.460524572846151,-0.140862947613603,-0.516268778246963,-0.192868376508432,0.632818545054423,"d"
0.435001743855275,0.747021299738095,0.746337982148689,-1.83016730040863,-1.58357684627785,0.312464663062713,1.3123530953248,"e"
0.548833491914596,-1.11847925637158,0.898995877306561,0.404087877102623,-0.174756196916676,0.205944347317382,1.05326166455843,"e"
0.647418303766789,0.341004818552127,-1.1554621612246,-0.0137506742135643,-2.01676788188283,0.63280574251146,0.281318666726916,"d"
0.878463454362323,0.125031186479357,-0.28242382066645,-0.102241237611349,0.692724242598502,0.393729117559811,2.06984896647595,"f"
0.350797868750033,0.311369720831858,-0.003256870632858,0.202454444518299,-0.398988010547209,-0.854848604544765,-1.78623159785357,"a"
0.0498797201728778,0.426443803726794,1.51502827642531,0.803320548027492,-1.2867930730342,-0.81690229274852,-0.893010643800401,"b"
0.835749445617761,-1.26957931797016,0.309380269814756,-0.587793245323976,-1.22306288884758,-1.17679793638492,-2.36304082545123,"a"
-0.281725198851006,0.869811051981054,-0.460958821090323,2.11095854390907,-1.11133370063268,1.93566324040163,2.80964620898551,"g"
-0.791679460988314,-0.0235746303443741,0.293447573162157,0.106319180660174,0.351989797830153,0.190982853462778,0.0697522886255221,"c"
0.00165372726233655,0.646068260030063,0.0709720060528157,0.288638281971402,-2.21110050086675,-1.10959383982226,-2.89824201173575,"a"
-1.18753012646564,1.23267299947973,-2.31375936523026,-0.82812902158163,-1.28391040826181,-0.336288679975937,-0.425111526269715,"c"
0.36241746503934,-1.28041054301411,0.192706032211967,0.259246188424244,1.02119895452406,-1.42410877652056,-1.41409270881571,"b"
-0.549435318799034,-0.176086169516716,-0.352441451104545,-0.49523073838646,0.00128545977777086,0.119073511195615,0.391454354587129,"d"
0.692949838301721,1.1489123214848,-1.53329278708417,-0.289501667429056,0.982247399423754,0.722546725758562,2.54870134882808,"f"
-0.0608439164285287,0.106409424540139,-1.73406920893065,0.640683953278991,-1.0637009993316,-0.496129881376927,-0.844044937121101,"b"
-1.19354092999432,1.05259935836987,0.141892734849488,-0.141462861493809,-0.115923362751921,0.377144028539013,-0.11234677310837,"c"
-0.119908059250703,0.0635086682375407,-0.219599600884039,-0.879847386080438,1.74166873370475,-0.916351868092214,-0.870573446974004,"b"
-0.708107950440222,0.760288667659175,0.59156449399376,-0.523639611457208,-0.955842308521508,-0.758209826608853,-2.00509445332267,"a"
-1.61666397345665,-0.583391233849549,0.240247909093534,-0.613436596462794,0.524433299333335,1.08728588532217,2.95615304793075,"g"
0.495847824041402,-0.833176970820111,-0.372564159741629,0.749492398739416,0.626373399957876,-1.09418779333704,-1.22364455697718,"b"
1.29975096961335,-0.955279257858847,0.264545865107526,1.36816179553092,-0.966326089248933,-0.430139789493731,-0.59263780626397,"c"
-1.61598550646274,0.468197455613948,0.651544487995251,0.809041924585399,0.070059143533066,-0.472603881109322,-2.26859445147635,"a"
-1.25036794461671,1.48936159841316,-0.418319773575244,1.05204391574006,0.392404535855227,-1.05531190505288,-2.23498274802298,"a"
1.58213230595835,0.8456378026671,-2.07876062688556,1.57671017276394,0.117934880556818,-1.46458121628635,-2.35130639302786,"a"
1.25252911829808,-0.090330358752043,0.590955041185172,1.15202991077936,1.3307319315156,-0.236925054270818,2.37655977170095,"f"
-0.209395701097904,-0.760974092435077,-0.705640743512554,-0.517742856960082,0.227375617592582,0.0323515726278386,1.06837532570491,"e"
-0.639033687325145,-0.422703485147232,0.986688399795329,-0.635012823647145,-0.506615171074502,-0.00624196380503707,-0.998859295000901,"b"
0.398902937016356,-1.11699055072906,0.0323590450719851,-0.400123910746193,0.447135591033884,-0.504645619839657,-0.202932767184927,"c"
1.34197350016726,-1.3732054366235,-0.496043573166983,0.593241461138684,1.62710810335493,0.470959396282518,2.71539903360425,"g"
-0.0376074215281694,-0.464627201892075,1.67324905932678,-0.00109490521625279,-0.280043873672753,1.5612081396818,3.04253501152247,"g"
0.54367011414683,-0.751982369357512,-1.05126661411887,-1.89022776334133,1.13690196016068,-1.80898748482914,-2.05301023796148,"a"
1.74021839423879,-0.407974543123405,0.0280158213104524,1.46147712672623,0.83405714603113,1.2475732468356,3.57650172986505,"h"
-0.324455939149536,0.177182569351153,0.526890090905282,-0.393734253321032,-2.57501960583663,-0.650768592235915,-2.87919156052941,"a"
-0.447511333051591,0.999326344423274,1.27078692003469,0.588577012454919,-0.677689894912697,-0.0453218568730395,0.561659591642471,"d"
0.416082525876657,0.116269256365412,-0.587592445740562,-1.05946130853062,-0.0496488822423011,1.15025682313778,2.50950918027027,"f"
-1.29586536780341,-1.83506531462638,-0.43047144429445,0.702083602873455,1.72486398731088,-0.103277083480939,5.52421367469135,"h"
0.682633090344268,-0.298695682408585,-0.022966262623853,-0.254390092325374,-0.171572570394098,-0.0251504942041645,0.19937610261322,"d"
0.49691333305216,0.314652720305717,0.0748739225711094,-0.380451079303621,0.535735780807419,1.00708962816466,2.85105666148049,"g"
1.43966065591334,-1.08246616029787,-2.08999561583213,0.722051799406729,0.764873089793777,0.223303919312439,3.0818242444514,"g"
1.20735855795214,0.22179301370249,1.02389717306396,1.32784278619251,-0.952623902535709,0.746738373553682,4.05385949313439,"h"
0.238514694101579,-0.0498513033354055,0.623240131545898,-0.125492498847028,0.308079357694507,0.971916847261353,2.52907394698481,"f"
-0.298837878007447,1.10753486903314,-1.36733000849623,1.13979470429793,0.387401092530998,0.0102886569964796,-0.284686041084714,"c"
1.38462105023859,-0.993360618622724,0.0445895226026587,-0.784406639417734,-0.602783001958728,-0.597922072343763,-0.641512661621819,"c"
-0.70006902201176,1.92484347433116,0.366273799015344,-0.47058963663898,1.08398798349048,0.620949178220961,2.68052831495579,"g"
1.8609315085071,-0.55676240389053,-0.178469697494691,2.6188434750024,-1.07821652210131,-0.107199982480975,1.13869067114701,"e"
1.80392495910162,0.32947466242305,2.10167759332024,1.7819704306305,0.888577326305981,0.716924810964761,10.1352475884238,"h"
-1.35604349223072,1.75828635076486,-0.242409657802259,0.31122789833481,-1.12467826124041,-1.01546665022657,-2.70284605162273,"a"
-0.314751071732664,1.27390979033871,0.0117172151762263,0.604652922094274,0.562744461625625,0.773273454554462,2.14593478255711,"f"
-1.019265181162,-0.583885194938085,-2.77843368868717,0.802925360623169,-0.379924673099212,-1.15015568309209,4.76693452994495,"h"
-0.612249655627522,-0.327692378494569,0.274491394893788,-0.742182078589256,-0.457929740733255,0.0907793557932241,-0.113342459713318,"c"
-0.289068748585936,0.145241261558525,-0.622731927898148,-1.08648627091014,-0.150158384919204,-0.684964235576711,-1.58236647984886,"b"
1.50698329163043,0.214101137648693,-1.02783171745497,1.58588834673192,-1.0245617124342,-0.160963353331616,0.181154067152293,"d"
0.367722693621809,0.0115546691875095,0.728990109242954,-0.140704168758987,-0.225940458559979,-0.109961701903074,0.2375726269044,"d"
-0.0200349412397549,1.21969908413033,-0.39246143659151,-0.975276634290571,0.205144989452808,-0.660208200221359,-1.1900179102966,"b"
-0.979921959124468,-1.03064364082975,0.357845575399891,-0.0918467244567236,-0.162992298471148,1.59919439664386,3.44603258506001,"g"
-1.40091233263796,0.764734974722424,-0.755189859940089,0.697447152237339,-0.0909301325683886,-0.327125119984948,-1.07676782994062,"b"
1.44501491000898,-0.514982603891651,0.0666897128694815,0.850194262561275,2.04480031000785,-0.94915274402232,0.914681921920032,"d"
-0.423481620548611,1.74098697193097,0.257355650354273,-0.282469962001147,-0.0412165950871818,1.12285566207255,3.13342228492287,"g"
-0.733749596609447,1.00584524121766,-0.0909630564864288,1.05682051116438,-0.647040048945292,-1.06345866295315,-3.09957095193798,"a"
