-0.708484753199268,-1.10735294503662,-0.730508026597474,-0.164563750873484,0.458102406858892,0.659525039551573,3.95537724890427,"g"
1.47509245910163,-0.627882789602293,-0.395841246316961,-0.505197318331309,0.174809245037292,0.1066122042502,1.61075772534488,"c"
0.845004184791874,-1.47950194751663,-1.41580851530864,-0.402419899860936,0.561618237657,-0.667501487369261,2.53702142932984,"e"
1.29399443128524,0.154343172591128,-0.108938918048955,2.29525135771336,1.16942072187173,0.362747023670585,2.99753106431735,"f"
0.298161142112736,-2.29948440898886,0.0742999100866636,-0.0580401671795209,-0.148077670559391,-0.790735128448972,2.87478868754934,"f"
-0.405682490041251,-0.438727683997505,0.450190145252241,0.122377660093357,0.331097271529568,-1.79370053018761,2.17591117101253,"d"
-0.138807577982104,-0.649680606625481,0.387345818219408,-0.200777680900441,0.426497776608597,-1.47594034559591,1.90935608107483,"d"
-0.222592731398034,0.42404094736766,-0.258295013654982,0.460803568959291,0.248623463359725,0.195672552890503,0.879635442369334,"a"
1.74715025737053,0.04704972759229,1.52349060267839,0.645915650637838,-0.885461456203199,-0.127268266497642,4.93652462542302,"h"
-0.0817046681623564,-1.28504406642632,0.551343438191555,0.286538618290046,0.456430496063153,-0.268611952655298,0.969409400350533,"a"
0.124141586071813,0.0455323579691054,0.329901773424851,-1.95530249632377,0.456176161191742,-0.229059911147846,0.182237655874461,"a"
0.392236141474737,-1.44942970012147,0.172922695498848,-0.0701225197177418,1.74881277729728,1.9312477460977,2.63892082498073,"f"
0.378419970102759,-1.63370440274117,0.426641536239626,-1.99347695672314,0.0475969684897553,-0.413424562700733,0.879169219114717,"a"
0.166175673174054,-0.517284961561913,-0.81369958479915,0.12113268416054,0.502083851838063,-0.773902585117579,1.74214711677709,"c"
1.15338736937092,-0.991151429794605,0.6513550940694,0.435595856445392,0.00571793674438376,1.6426854157411,2.54347871730165,"e"
0.0147483022681116,-0.728485044991844,0.91998179593906,0.138904324140564,-1.38466003827719,-1.58987683238137,2.47053461602612,"e"
0.021440844986809,0.45195163353508,0.390101787740324,0.98249750140919,-0.35962559764327,0.929243027102302,2.13064031733911,"d"
-0.826352170277978,0.887181334857803,0.956724098094915,-0.28639139689746,0.583026734951737,0.355948415781796,1.15012535356779,"b"
0.047399132550026,1.26457340131723,-0.16997356330855,1.69415206361822,0.276483946539392,0.271440784236219,1.72183933410957,"c"
-0.29310737236623,-1.2914193908637,-0.37997791624304,0.521310798765152,0.589977556254527,0.223464603355051,2.24290030784029,"e"
1.20763218108149,0.182510306437314,0.144207957047683,-0.471600216736816,0.99784519601579,-1.04511999958865,2.14000796457837,"d"
0.0320013836171566,-0.0898096748586877,-0.718284089037368,-0.386758442784397,1.30169480090196,0.775765166341482,1.87335665465238,"c"
0.18039754965722,-0.112629275544733,0.206108648000604,-0.0329214922660704,0.773354548905058,0.0276301394913966,1.26850147718617,"b"
0.0771605798365559,0.162801337799746,-0.367334361162208,-1.58992520363957,1.03468306417929,1.15042855453089,2.28223498927585,"e"
0.558395337854583,0.555861005892057,0.78844287690758,-1.63163038028258,1.0254720447516,0.253422224850174,2.80629228575928,"f"
-0.166854367090922,0.853394680085335,-0.310952795313584,-0.619216931963733,-0.652585150557746,-0.824886823104741,1.65309788397739,"c"
-0.227980619012441,-0.194899361264067,-0.859140099235656,-0.428563857141977,-0.388386985371761,0.2867631891545,1.14390446530288,"b"
0.242666056474972,-0.043411908824238,1.08527966282355,2.14362343945784,-0.343411173478194,0.94292281188872,2.47369448746198,"e"
-0.928482968757495,-0.529438315677381,-0.784779324065184,1.3810553316266,0.141624218636418,-0.531076400272278,3.45476469223367,"g"
1.51540667810558,-0.598510598813663,-1.22096023369685,-0.981823126383242,0.529877799738983,-1.29761423738876,1.5858374651403,"c"
-0.811598824423322,0.149297681515692,-1.05669143190821,1.31291727573403,0.168899504111249,1.22093399256475,2.88496925323706,"f"
1.31124740775781,1.25582091628502,-0.996890553999383,0.37237404245155,-0.129072748126917,1.4774014046943,3.13440415846833,"f"
0.815566796043395,-0.234369528237071,-0.672605085007957,-1.56624353048022,-0.203945740531141,-1.20779824273056,1.54959140054023,"c"
0.120032667774245,1.42234027590558,0.665268367117443,-0.827262343418682,0.949907249943707,-0.941934556632717,3.33238007321577,"g"
0.881789848040112,0.292127542416649,2.23607768299827,1.04343224242771,-0.793874381384044,-0.583515720742586,6.11603995353444,"h"
-1.79874311724579,-0.736886750911132,-0.601798169136988,-0.561818712619361,1.13491523129794,1.13409032605331,5.36242527543768,"h"
-0.957051077783485,-0.129996551601068,-0.291617742041659,0.458990224520003,0.326336598215952,-1.75717205781495,2.96221542085857,"f"
-0.474058605598688,2.20088565248371,-0.840974861997574,0.461175487055935,-0.469723428889165,0.0523115695359696,0.913488441402804,"a"
-1.86046128288841,1.61308128588902,2.03169951529518,0.588209677799053,0.738547010227165,-0.456668757746214,2.7532715768338,"f"
0.253690072873354,-0.26749958333113,0.429372125157543,1.36518764378278,1.10960223236544,-0.98754657358103,1.50189035739839,"c"
-0.214401712612015,0.127603168070977,0.811017521236619,0.237584965544049,1.77546756023279,0.0212662362274618,1.64280582711397,"c"
-2.37018145077983,-0.370892736342783,-0.174299948662504,-1.30193238294649,-0.107460437432459,0.354007955037776,4.55579022249068,"h"
0.00325807806170644,-0.45240228079554,-0.316371483222665,1.73797717526926,1.2848751270232,-1.1610617894511,1.83852097010485,"c"
0.669745568250246,1.19747824794478,-0.493001894880578,1.4641515375989,1.08037379807365,-0.475834282489197,1.16915598518409,"b"
0.22682084259187,0.96133969597919,0.190778474263146,-1.34449753139246,0.289788784488691,0.115356546056746,1.86712020819387,"c"
-0.591868492327374,1.09924455163413,-1.10374498385306,-0.00785353737260052,-0.376312392042594,-0.366886855308843,1.58325202982303,"c"
-0.405414493510792,0.0535345423717118,-0.106413313673938,-0.70936074042859,2.16706424270639,0.152109273647349,1.61836859450985,"c"
1.41422466452754,-0.0710825567723566,1.45899271279567,1.41991031580876,0.626295755747261,-0.81243120305225,3.62470012731222,"g"
0.241625825019901,-0.265212622157535,-0.307474298207601,2.10075386944952,-0.261573025354082,0.782932160071297,1.32539994032931,"b"
-1.43608747835459,-1.08747278723801,0.757181411339213,0.0564296591069551,1.00518964754239,-0.446806481884552,2.66030717723442,"f"
-0.3145527446015,0.112995340582098,-1.71082538990561,0.805545121849498,-0.504538218190194,-0.245030388932158,2.55934914761277,"e"
-0.480542810843949,-0.368761608320487,0.595309607840453,-0.192729984044777,-0.828922601635695,0.946420712028985,1.23023155294822,"b"
0.836254247778876,-1.8138184219912,-2.06796665049081,-0.120578133623976,0.35193704346938,-0.1979663706041,4.55140870952208,"h"
-0.0523492869833631,-0.727994367604011,-0.085739756022964,-0.241185306317347,-0.136433636866877,1.67688667115121,2.44265509957644,"e"
0.951957624927727,-0.323343455989066,0.0322865498355265,-0.255729560564573,-0.221653728162556,-0.0433181856889355,0.970470483650819,"a"
1.49451279806777,0.118178060520712,0.289686397335944,-0.208778684199772,-0.695056632384057,0.204242635135247,2.78000650835024,"f"
-0.344214729356134,0.522721178861621,0.808938068782094,1.63874899132797,1.29500820322422,0.837219768318116,2.128576172231,"d"
0.645775407447566,-0.394712043684696,0.326262471385793,0.714250475740833,-0.0688461537474459,1.59664621107762,2.22858937705926,"e"
-1.53450055055506,-0.73826236103515,-1.70385747929138,0.0217302717446328,0.422909624053434,-1.34003660511419,8.69769030588425,"h"
0.599672514259445,1.31970010294775,0.525504589286973,-0.710864161048023,-0.855553974988647,0.100785125612881,2.75376151297676,"f"
-0.504358892133008,-0.547717471977428,-0.803033849897745,0.0676502468843134,0.902373618252109,-1.81409409488165,3.37801793940177,"g"
-0.406909624920841,2.11653074283006,-0.237655720757673,1.86731297579186,0.0124889759018494,1.23873179493328,2.89352957128332,"f"
-0.460935205971179,0.238889683387322,0.855349058606463,0.739326266504284,-0.627540137026848,0.652071918841591,1.18498823149031,"b"
2.21490842638941,-0.5159693737009,-0.469487044872641,0.965687441155563,1.38953988224963,0.773265089198513,3.19669234215758,"g"
1.48696782015578,1.15875218047499,0.118012783962592,0.469334930510721,-0.128454802730873,0.420042526202366,4.64745603158262,"h"
-0.355098858115344,-0.634357811771639,1.24744155487288,0.732928055516849,-0.479971691153666,-0.313984187800483,1.17361571750988,"b"
0.876203737467655,0.862710826554081,-0.688397298525598,1.33379773353792,-1.61088708719011,-0.590981236322034,1.95201329023163,"d"
-0.214696646491353,-1.68157302602931,-1.38356957505861,1.33018264123515,-0.201140032763304,-0.949718784259914,6.14064186647137,"h"
2.02079836320523,-1.63679211895767,-0.0429324152504247,1.94267086501351,0.710531987173982,-0.314869913020521,1.46584619538138,"c"
-1.83866156167237,1.43029016146082,-0.209234229793679,0.454756407687484,-0.237789478811762,-0.150584369136291,2.2387721081991,"e"
0.172937164453662,1.53937649515565,-1.46699345437248,-0.435878269211119,0.20192950495569,-1.47426057653136,1.60002455843629,"c"
-0.763245039870171,-0.0772108624475168,2.23577837996425,1.64225074144847,1.22576162817732,-0.555358653432806,1.96001337784667,"d"
-1.11849291417209,0.72223242266725,-0.625144963466059,-0.119391301787612,-0.411347206818148,1.83955343105871,2.34300506379299,"e"
1.19797746140588,0.762012389019607,-1.16791378535796,0.00340335670933783,-0.173795656396812,-0.163211096149943,0.852709743474012,"a"
0.981193912191701,-1.10521674353206,0.149528831353739,-0.287662480449381,0.432339684507022,0.152792332325889,1.35840969920825,"b"
1.19174920518924,-1.46116858548005,0.861319900436406,1.00491484043496,-0.636587829102587,0.428543466281359,1.58028487704397,"c"
0.632833568286058,0.295561895272746,-1.04620340695284,-1.51968148730033,1.49129898675602,-2.16824934128728,1.9720259658755,"d"
0.532825947274317,0.658526506382546,0.172260011168559,1.08058886616215,-0.522761354812737,-1.59482757183887,3.15884910885453,"f"
-0.820121899830455,0.645142724550194,-0.307020751013317,0.435371425788478,1.29453693624754,0.0532626388913229,0.842202993876153,"a"
-0.159325675807418,0.623653457997049,0.903345609704876,-1.38914740785221,-1.87960964217509,-0.75879443083432,2.49692522203424,"e"
-0.0175321220207083,2.31584930145046,0.985248693579898,-0.644304934535146,0.291871915863932,0.193179152948196,4.93610029655423,"h"
-0.3906642045134,-0.381598876773496,1.64382848352283,-0.317781886842247,1.40421474637948,1.03369055383092,1.92218668604102,"d"
-0.402775110459583,0.0316881639741096,0.814559724315758,-2.61114258170533,0.405511755602069,0.220155241693132,0.742399974106423,"a"
1.27670696324037,0.77662539998112,0.825113160502635,-0.40407018015622,-0.278442102989983,0.748597391915595,5.08847766340328,"h"
0.821075753531072,-1.98304783109618,-0.345773922268498,1.96393938899604,-0.98525257737358,1.64246824123734,3.29295781960599,"g"
0.419785145559838,-0.00544671005295661,0.411147334811907,-0.908038235741134,1.44440038080979,0.210409834643485,2.28569633246789,"e"
1.7116612204805,0.702411712708128,-0.643214383032651,0.231002822174116,0.315700818228841,-0.3903454198427,2.64426603180004,"f"
-2.21563271469745,1.22316401618531,0.942059476737368,1.0830313909109,0.557496065341602,1.45705626116658,1.44406020874225,"b"
-0.184878196590688,-0.141397452682117,0.469591783783608,-1.02306279033738,0.961455536217954,0.0676296858422742,1.00765863969466,"a"
0.671168243212154,-0.495379010457724,-0.662112238031653,1.97588492251505,0.337999321294239,0.363526692107711,1.38927690036926,"b"
-0.795140242008726,0.840522625855864,-0.309471102210805,0.501748488618785,-0.468493543928571,0.511525145950702,0.391370685369365,"a"
-1.56625783497985,0.560050140634963,0.794574263563387,0.933783648176074,0.172536403305749,0.707495918629242,0.726272992558342,"a"
1.21373248757945,1.13704593852094,-0.914850956328082,-0.43039484606866,0.0494339803229547,0.777315863097779,2.85720928575367,"f"
1.50381007426025,0.47380131019073,-0.46552030933115,1.31892143095789,0.623739176012366,0.861763815685404,3.03950691523737,"f"
-1.16942502103787,-0.150440355319685,0.81966936293018,0.786662562582706,1.39312530462528,-0.461242237359217,0.875003306356974,"a"
0.613377167491562,2.13899523489999,1.52103573807541,0.390908196223622,-0.662181582626268,1.30342017720236,9.15312012396231,"h"
1.48393132102916,0.21799654886131,0.265354790340186,0.555016633556504,0.77008194014069,1.2873889676892,3.61658795152687,"g"
-0.443773735690637,-1.89596918092542,0.61906693973862,0.495861492581085,0.889866992885112,1.22215263717364,3.2929338572136,"g"
0.26858974123372,-0.142738392744842,0.471080836691713,-1.58883684732483,0.599875375300868,-0.486246920060319,1.02082830587511,"a"
-1.22821682922388,1.46242573436815,0.463144213415792,-0.321264476617403,-1.40200787779153,-0.576861742729711,2.28844721022428,"e"
0.478528762375528,1.07465712192459,-0.160161362753188,-1.55205289129701,-0.704677959183608,-0.848527468597594,2.6196917570716,"f"
1.66985957321093,0.65505667154527,-0.0356854719207713,0.961515998323132,0.11908918044551,1.12270684283114,4.29183807176385,"g"
-0.0364555451667785,-0.123133658060412,-0.574684815796083,-1.08631526895708,-0.331389574350663,-0.420556188188653,1.61336435891064,"c"
-0.440936270878296,-0.929721804570452,0.845350016780738,-1.71625724532906,0.70358262354929,-0.299249672622006,0.906337765257763,"a"
0.734408890107504,1.51655652944509,-0.581766122502707,-0.355226178000984,0.528391727208836,-0.679564476814681,1.89117902365917,"d"
-0.575309458147341,-0.0767929585244732,-0.502357105667506,0.979276001602726,-0.225932713484383,-1.53196397851642,2.72848027983957,"f"
0.0748975538661173,-0.369791935492866,1.08807626456013,-1.17407069681677,-1.23246703021032,-0.202218113390343,1.45271704521535,"b"
0.0593018392630399,0.606232667538287,-0.392953019375013,-0.39646086319618,-0.833897280682256,1.71333456439212,2.1403936038411,"d"
0.848264703078612,1.52673799718179,-0.660461119106104,0.0289593438291437,-0.461649208816577,0.309577546908296,2.55813026116501,"e"
2.57539658681309,-0.0815108510702504,-0.149025126831004,-1.47050642898204,0.620959383344816,-0.92487011447313,2.93824619438881,"f"
0.0942599635459053,1.42835885025542,-0.875485297601708,0.965172227652805,1.57029671610345,-0.0292894799303456,1.87776613886638,"d"
-0.519949531910684,1.01357183537485,1.69900157071404,-0.781441694326861,-0.879411111948547,-0.114889453920837,3.2708683260795,"g"
0.774428621342253,-0.676577826798798,0.0681902615686331,1.25731933789712,0.31806745822536,0.118657463977508,0.814743383498755,"a"
1.22828925928132,-0.236565665070206,0.533187580161583,-2.04624731350116,0.0258755349633956,-1.25349245609468,2.42917524458577,"e"
1.8806068849269,0.505599115347081,-0.0809489931171141,1.81907818840335,-1.09524661333166,0.25810008143975,3.29886615846765,"g"
-0.12524172317419,-2.527752927608,2.44678142789794,-1.36738210696201,-0.929189650517481,0.218056284933803,0.893827552428889,"a"
-0.759094766002815,-0.700668672985882,0.383899033589134,0.371975670493774,1.02842078916039,-0.553191986613741,1.33387623344981,"b"
-0.509303603316527,0.0916075765359644,-1.05217157790919,0.752496103351326,0.511972624084927,0.229864209734019,1.63416491157184,"c"
-0.156039668908337,0.852173584584716,-1.72223382689635,-0.844102703844422,1.54756262105399,-0.447870631562525,0.636016720507592,"a"
0.13258244242087,1.12390932182152,-0.630819249532984,-1.47470376454233,1.80331821183215,-1.46067225347693,1.2425527987724,"b"
-0.974084021729325,0.827869297615098,-0.953595979307938,-0.127286512014817,-1.66768482787784,0.212417503974241,2.07761593360874,"d"
-1.25094966288744,-1.36811281044197,-0.0799824652161116,-0.113083339799982,0.230666302695657,0.995477475460552,4.01956914250187,"g"
-0.0463360420117644,0.189759677003288,1.06269590228942,1.80629661050898,1.24113342862163,0.414672296721524,2.23271015324968,"e"
1.13738777138375,1.96075593071296,1.35105683588719,-0.916313634312726,0.168681766837977,-0.569148789068988,8.82565241792058,"h"
1.26444989051124,-0.806017715197506,0.233290220467501,0.326036046291725,1.17412955892599,0.925684093812191,2.47114570572669,"e"
-0.548742075609878,0.247350267997651,0.333898791430879,1.72940635648993,0.158000377202759,1.34073091029095,1.88421581165749,"d"
0.682391430376709,0.507828230589266,-0.764770258059631,0.618631030344355,0.775553531402919,-0.995697492974742,1.36192227065059,"b"
-0.929773363396849,-0.495801750887118,0.769384460111079,-0.243510381056861,0.0140913339161832,-0.678533196770616,1.95093357978283,"d"
-0.975148693158881,-0.902102367792199,-0.215012961469369,0.304153582140177,-0.282630469506337,-0.973718469965979,3.75859405392691,"g"
-0.0271170785416331,1.01253253821805,0.383380585285891,-0.156110527544565,-1.20823590383144,0.47627951796846,1.30124092793959,"b"
0.446671886161862,1.63654056714122,-0.542495361192335,0.666411599298846,1.40741213435797,1.03790990482947,3.14107218485523,"f"
-0.329112248601294,-0.825520511156942,-2.09457821979085,-2.14302489314417,0.227540728410991,-2.04265441330541,6.55639731743342,"h"
0.113049079538066,-1.3012840050467,0.378050058674768,-0.78568405021106,-0.158852900537199,0.412107057836421,1.02555178672616,"a"
1.05122939468359,-0.48404260724359,-0.705934228100799,0.856316141794086,0.455855928877443,0.163175389698187,1.52229987272025,"c"
0.326977400254375,-0.191561941011567,-0.587104529776401,-0.354721322258521,0.699231004791516,-0.334277073058326,0.585372595662608,"a"
0.787037443627356,-1.20399134996244,0.100086359264024,0.186108945566869,1.45868530913926,2.9925262504105,3.5087616826601,"g"
0.441559618611672,-1.55456583296131,1.20206635876301,0.385897720447525,1.67851378753806,-1.39353348478052,1.6419689450045,"c"
-1.0193045141014,-0.149289700117712,0.659843996029173,0.605504903376208,-0.440656924201901,-1.4678719407043,2.54933728193466,"e"
-0.158698326273543,-0.988248952724074,-0.626745355629488,0.522120605186233,0.346396310600689,-0.0422206415825377,1.28983554232617,"b"
-1.63770129248046,-1.30053093091561,-0.5297761060361,1.60783185005388,-2.11809276177616,-0.873754428684654,7.10740318110719,"h"
2.83926623148905,0.764001921059871,0.876503187066198,1.52866477040127,0.268025444492817,0.310207175948051,9.93086771386301,"h"
0.961819159756553,-0.764220022611465,-0.0501382117554443,0.28576086930816,0.386697623962072,-0.396726165674935,0.270360695666949,"a"
0.508432001065743,1.05984221884934,2.28039035278068,0.966478863217056,0.621078261881248,-1.30847965877457,7.55650116646818,"h"
0.259523192498461,0.57440044408287,1.37981056388706,0.0416768592470657,-0.0122594841097801,1.03252643627934,4.12603798707925,"g"
-0.773404125713211,1.45435481550686,-0.573636034265391,-0.186568045187717,-0.225662704748812,-0.388891488266605,1.26949770459426,"b"
-1.80552753054999,1.92660650471496,-1.41683742805949,-1.35109973691869,2.04302099731891,0.0997767148596622,1.3730831301562,"b"
0.178383231874173,0.377693133486229,-1.24490745892045,-0.953225887238042,-0.973720737499757,-0.407238156512406,1.60074473288521,"c"
-0.525777308854547,0.457817316762233,0.900082479972465,-1.28260715206422,0.0153971383292519,-0.395957388497717,1.38941549879504,"b"
0.400186316376946,-0.31447816644956,1.98943025652096,1.34873878034295,0.495188989952527,1.73969844162734,4.27847748735018,"g"
-0.122587586006435,-0.196337224380104,-2.7869752863569,0.0874895241226501,-1.43259249710247,-0.463414934004591,5.59767610569451,"h"
-0.071345032172315,0.532207247494224,-0.0231353041714221,-0.566758222228008,-1.42174818529359,-0.417561315096708,1.74646436278398,"c"
2.09573436490871,-1.29693081531245,0.20416083949886,0.573972933736301,-0.992355877908965,-2.32564517750629,2.6420508303103,"f"
1.32208261453747,-0.11645988062413,0.0442285246504582,0.916852242958057,0.649618182385136,-0.494864793663598,1.50304841929584,"c"
1.20055899507645,-1.79143581404803,0.627097487843708,1.18252111875883,0.247651565015443,-0.335363913530584,0.505899275494227,"a"
-0.781874565462437,1.03763844969338,-0.947249554102923,0.0899209600979651,-1.3814195766328,2.08658934336104,2.34887998794167,"e"
-0.441476451433395,-0.751737314875728,-1.12282694379079,-1.42392593244129,0.645473263571785,-1.37968430961676,4.16035827447392,"g"
-0.246028129157552,1.44332020723645,-0.0203236494560916,0.185840156643214,-1.71000404697494,0.296460676603319,1.61262705222823,"c"
0.365792189718228,0.734189087170021,1.2250255434615,0.647343621455304,-1.10511107466985,0.37730924775271,2.4822346718961,"e"
-0.0341328818907623,-1.05455798625911,0.0830589846957565,0.12338154993159,-1.49031765084403,-0.431742333619646,2.12417987535917,"d"
0.296227003481074,0.0304247268796295,-1.88591517043019,-0.55704062281247,-0.873136710354335,0.760643633106932,2.13477786041089,"d"
-0.221059772229304,-0.620591655940658,1.05692712755331,-0.424403791221579,-1.31945020362151,0.727781691406978,0.892646381450037,"a"
0.187706159042561,-0.193502015253332,0.612912188604118,1.42145636154612,-0.627112678326,1.05306969155939,2.07641934509834,"d"
-0.438062171820715,0.393606874156187,0.589650090856764,-0.810897492817167,0.907897340377055,-0.483210683239662,1.18328163533377,"b"
-0.0887335790940037,-0.0332261575299267,-0.0664513410540004,-0.678534610614393,0.456003324466361,-1.62132556869063,1.8216146595217,"c"
0.634250028784144,-0.528722573075448,-0.608107880705501,1.87299949138103,0.899749653645068,0.952000710991465,2.18592904289963,"d"
0.865538236603713,3.07100714670855,0.947304574311816,-0.915749659263109,1.53001050581281,-0.777070717924078,9.8972591662039,"h"
-0.430593090276711,-1.42472377372648,0.393169957539979,-0.0121280024410336,-0.094239166125032,-0.681728185651606,2.56825653314869,"e"
0.0130308941479359,0.330701263682811,-0.385205931220982,-1.11723797584203,-1.13457473270224,0.790360054374687,1.29207801971682,"b"
0.0512496290641365,-1.75947902260712,-0.609263121875332,0.269965596185851,0.875055187032847,-0.772757128167519,3.4649969680234,"g"
0.538638151739993,-1.01638420075623,-0.384385145995244,1.51165398996396,1.29510298057481,-2.53784287864914,2.66889094577122,"f"
0.519672613277613,1.03686203962414,-0.901423669169815,-0.593155677780759,-0.117643267092601,-0.861159918202706,1.29176861018982,"b"
-2.42291127538074,0.0347122791542564,0.872945893445366,-1.61495436552653,0.534351135762205,-0.0296299901010201,2.1171860450444,"d"
-0.806290252907475,-1.69369135550646,0.561821258649322,-1.37389655072927,0.401662921104558,0.555476515809489,2.79191546103704,"f"
-0.48467999204184,-0.374082126739267,-1.75727852201041,1.19273754026764,-0.353550145388521,0.0940844339089864,3.60457538494217,"g"
-0.653077283628056,-1.25836245269734,-0.812116095030972,0.116453950628007,-0.415283050234956,1.07344085571557,4.40962206764848,"h"
-0.293764246976082,-0.608105629655352,0.238690587306345,0.197141987593226,1.93623945150601,-1.82451640051349,2.31986068907138,"e"
-0.2769890042134,-1.36870786071166,2.50600171945661,-1.53435720828954,-0.0909103936563371,-0.219591532002343,1.11704366710073,"b"
0.13646958927583,-0.942163445622652,-0.980587164977898,0.0266187370715012,-0.296634703263191,1.25576333423743,3.22657953724111,"g"
1.06720772231234,0.739857729687932,1.56612505548574,0.362927092744576,-0.0862301443816359,0.725655635405033,6.21934599572485,"h"
0.00182810315808239,0.0220943412557918,-0.758867435460749,-0.677324331988652,0.270238393182525,0.68035057741109,1.9230236944169,"d"
0.140092252246523,0.548882731821274,0.493845104407795,-0.386793165637105,1.02780386692206,0.316248547795301,1.90696353047184,"d"
-0.520598538385502,-1.35069805764911,-0.327150451908893,-0.210774079348633,0.257960372675982,-0.830436805504393,3.5022850659435,"g"
2.36581163626764,-0.644467633242766,-0.434879039791095,-0.633652476464561,0.366420885047389,1.54368789160169,3.28767806844437,"g"
-1.69647441454968,1.0478447341527,1.51972310598665,0.0795693180901237,1.46881989213592,-0.265812827091903,1.19274564696732,"b"
0.682585584422664,-0.32139336354192,0.00367780327376533,0.238637053200557,-1.13614526728174,1.36954638965141,2.05340518169408,"d"
1.36156197594547,0.0343258828669368,-0.402339950189665,-0.511546412344798,-0.49267297822236,-0.104111493780632,1.23740028407063,"b"
1.90595575652726,1.06394837024677,-1.49546643318771,-0.820642372003215,0.382680969496754,-0.0619375132826698,2.42812726544345,"e"
-0.672838542168008,-1.587608153716,-0.945985513168941,-1.49754643352326,0.484637960127519,-0.144982452279838,4.44372327351847,"h"
-1.06291143184481,-1.58346240402098,0.906429508165284,-0.152302024008818,-0.524258580518932,-0.586804195929225,3.10267289534954,"f"
1.63368315783524,0.110531326584485,-1.8138676227741,1.31866600122672,0.0449834212007628,-2.85302645619554,2.90581051541105,"f"
0.540830359055542,0.24629883661109,-0.951775431693625,-0.775961868773811,0.195675852067277,1.05944987825635,2.26486634678537,"e"
1.45685797120364,0.057149916517757,1.12685209928443,1.14813482753955,-1.09492322537857,0.325948728693526,4.15922478215547,"g"
-1.93378424266605,-1.083303495405,0.139889064863916,1.14096076554078,0.844389219248687,-0.207748453426991,4.74642232989656,"h"
-0.880400797789813,0.216301110779326,0.100339976726643,-0.334901191196096,-1.58392530778909,-0.5187602812564,2.34926073071976,"e"
-0.797730161576603,-0.823685525492682,-1.20452862938108,0.629659134172281,1.82294229936361,-0.429469931378151,3.97870432917379,"g"
-0.886130974453524,-1.50078039664335,-0.0834582964123605,0.734016763723658,-0.0401414528724738,0.234893600820525,2.98431052180859,"f"
-0.294827785274488,1.22656701036181,-0.797082246877261,1.80204961903684,-0.921220747132957,1.21988200675915,2.00432293251683,"d"
-0.88665169332877,-0.215867460746664,1.10152457861283,-1.1484800569472,0.648888050079395,-0.176309317237343,0.903435768842616,"a"
0.0990846729346139,1.73378476197685,0.108410406256059,1.2163813543439,-1.06471897012637,1.12321097059245,3.33317562249329,"g"
0.720546895436552,-1.43253568438313,-1.19050679904253,-0.673465521975317,-0.358510586233413,1.5875731093995,3.61329810061303,"g"
